Sample,GroundTruth,Prediction,GroundTruth_Label,Prediction_Label,Logit0,Logit1,Logit2,Logit3,Logit4
1,0,4,Normal,Unknown,-7.337350,-13.391851,-8.969564,-9.439563,-5.732055
18,2,0,Ventricular,Normal,-3.486564,-7.864833,-3.572383,-10.478045,-8.596365
32,0,1,Normal,Supraventricular,-3.605105,-3.215213,-9.411781,-7.159206,-6.157452
99,1,3,Supraventricular,Fusion,-13.682400,-3.731293,-14.760015,-3.496402,-13.184470
100,2,0,Ventricular,Normal,-6.109859,-11.077716,-10.756898,-7.334693,-7.287816
108,2,0,Ventricular,Normal,-2.338068,-7.007565,-3.802565,-4.464664,-7.528483
125,0,3,Normal,Fusion,-2.476207,-9.938666,-14.258815,-1.972339,-7.389643
136,4,0,Unknown,Normal,-3.548887,-13.057384,-7.464160,-4.075101,-6.568757
183,2,4,Ventricular,Unknown,-9.365503,-14.652019,-9.446692,-8.616008,-8.573924
207,0,2,Normal,Ventricular,-4.774100,-21.759340,-2.107977,-14.636315,-7.393923
219,2,0,Ventricular,Normal,-2.570970,-6.149456,-4.157830,-4.700820,-5.034807
225,2,4,Ventricular,Unknown,-11.591883,-16.322701,-7.757617,-9.140378,-7.043333
240,2,3,Ventricular,Fusion,-8.660017,-15.981959,-9.540810,-7.313777,-7.796588
254,2,4,Ventricular,Unknown,-9.328114,-15.143266,-8.024717,-8.938861,-7.518375
258,0,4,Normal,Unknown,-4.873659,-6.553982,-14.456120,-6.005135,-4.385868
259,2,0,Ventricular,Normal,-4.350174,-7.402597,-7.657741,-10.820807,-8.564894
266,2,4,Ventricular,Unknown,-9.727207,-14.886103,-12.118822,-10.367869,-8.593394
276,4,0,Unknown,Normal,3.920203,-18.275389,-13.080862,-4.202637,-0.278957
277,2,0,Ventricular,Normal,-7.821103,-8.708986,-10.802864,-15.678271,-12.743097
317,4,0,Unknown,Normal,-3.740493,-12.933532,-10.575560,-5.816709,-5.620136
318,0,3,Normal,Fusion,-5.609089,-11.477641,-17.061281,-4.730614,-6.976249
322,2,0,Ventricular,Normal,-5.710402,-8.283309,-8.517198,-14.809714,-11.600353
329,0,2,Normal,Ventricular,-3.691987,-6.552719,-2.716038,-5.395713,-6.297945
337,4,0,Unknown,Normal,-1.363257,-7.644956,-6.112040,-4.408018,-2.055128
375,0,1,Normal,Supraventricular,-4.290607,-3.834990,-8.843592,-7.448335,-6.324282
376,0,4,Normal,Unknown,-0.835809,-22.053564,-20.123211,-3.524197,0.362741
392,4,0,Unknown,Normal,-0.211819,-13.061519,-6.629805,-7.668019,-3.041723
398,2,4,Ventricular,Unknown,-11.573745,-14.024189,-6.889451,-8.875360,-6.812933
399,2,0,Ventricular,Normal,-5.183435,-11.125987,-7.902416,-14.146113,-10.388010
446,4,0,Unknown,Normal,-0.422336,-9.209761,-6.078969,-4.738807,-1.627047
448,2,4,Ventricular,Unknown,-4.765940,-7.351946,-2.838147,-5.876559,-2.375810
468,2,4,Ventricular,Unknown,-7.818292,-11.560055,-8.057339,-8.503891,-7.316094
478,2,0,Ventricular,Normal,-8.406119,-15.528715,-13.097927,-11.585092,-11.100090
511,2,4,Ventricular,Unknown,-8.644672,-13.890947,-8.199183,-7.133573,-6.076344
533,2,0,Ventricular,Normal,-4.156390,-13.240172,-4.996261,-5.420062,-6.122106
552,2,4,Ventricular,Unknown,-5.618678,-7.923304,-3.008777,-5.962452,-2.001732
556,2,0,Ventricular,Normal,-5.160275,-9.781997,-12.359551,-7.258743,-8.066297
567,2,4,Ventricular,Unknown,-10.072523,-14.288067,-8.904825,-8.741659,-6.749705
610,2,0,Ventricular,Normal,-4.748052,-10.657180,-8.444468,-14.503748,-10.804241
639,2,0,Ventricular,Normal,-9.326745,-15.348938,-12.803818,-11.487565,-10.989822
645,4,0,Unknown,Normal,5.639812,-30.895243,-20.575893,-3.787511,3.763539
665,0,2,Normal,Ventricular,2.308728,-19.448776,2.762920,-14.288621,-35.836601
679,2,4,Ventricular,Unknown,-4.711912,-7.968660,-3.885783,-5.458301,-3.735524
694,4,0,Unknown,Normal,-0.649862,-7.914493,-7.048356,-5.230579,-1.220549
724,3,0,Fusion,Normal,7.277102,-18.546135,-34.720501,4.079164,-4.908362
746,2,0,Ventricular,Normal,-5.696513,-10.594844,-8.475060,-13.379318,-10.546408
753,2,3,Ventricular,Fusion,-4.308601,-9.825556,-4.399057,-3.660846,-7.107153
778,4,0,Unknown,Normal,4.711188,-18.015800,-13.580272,-4.272798,-0.565270
783,2,0,Ventricular,Normal,-0.068413,-6.056643,-4.977996,-3.833408,-3.157413
788,2,0,Ventricular,Normal,-4.937479,-8.305511,-7.229982,-11.270656,-9.188684
804,0,1,Normal,Supraventricular,-7.071926,-4.829410,-9.795729,-8.624326,-6.733454
806,0,4,Normal,Unknown,-4.853679,-5.619637,-11.759038,-7.132676,-4.160335
910,3,2,Fusion,Ventricular,-4.449513,-3.915399,-3.554678,-3.566054,-4.770649
941,4,0,Unknown,Normal,-0.559273,-6.553570,-7.605480,-4.947170,-0.795179
980,2,0,Ventricular,Normal,-6.260262,-9.574246,-8.361762,-13.570828,-10.953651
993,2,4,Ventricular,Unknown,-12.643378,-16.051552,-8.468034,-10.257369,-8.422434
997,2,0,Ventricular,Normal,-4.960707,-8.440750,-6.576190,-12.971059,-8.693430
1000,1,3,Supraventricular,Fusion,-11.986217,-5.315135,-11.683663,-4.794097,-12.211624
1014,2,4,Ventricular,Unknown,-11.666578,-14.984502,-8.349762,-8.613371,-6.612381
1019,2,3,Ventricular,Fusion,-11.318916,-16.524376,-7.611023,-6.927893,-7.485050
1045,2,4,Ventricular,Unknown,-4.022854,-9.553445,-5.116457,-6.540933,-1.545397
1085,4,0,Unknown,Normal,2.871465,-15.288928,-15.917052,-3.626829,-1.170440
1090,1,3,Supraventricular,Fusion,-7.585791,-2.057317,-11.435706,-1.539673,-8.283635
1118,1,0,Supraventricular,Normal,-2.252319,-3.831776,-5.844738,-4.013653,-4.832076
1119,0,4,Normal,Unknown,-2.737386,-9.055223,-8.127312,-4.429368,-2.618687
1161,2,4,Ventricular,Unknown,-11.769053,-18.686911,-6.846152,-8.496413,-6.599075
1217,2,4,Ventricular,Unknown,-9.943684,-14.493885,-9.329503,-8.150930,-7.741528
1218,2,0,Ventricular,Normal,-2.570603,-10.764867,-8.689748,-14.452196,-10.692375
1270,2,4,Ventricular,Unknown,-9.641977,-12.787374,-9.459265,-9.960006,-8.431749
1302,1,0,Supraventricular,Normal,-0.422917,-2.741212,-11.219454,-3.205426,-3.422257
1305,2,0,Ventricular,Normal,-5.555461,-9.878969,-7.468668,-14.905766,-11.346595
1316,0,4,Normal,Unknown,-3.960607,-20.019989,-8.735515,-11.801488,-3.155662
1392,2,0,Ventricular,Normal,-6.394526,-12.739645,-13.161947,-9.098078,-9.532125
1411,2,4,Ventricular,Unknown,-4.119631,-7.042661,-2.664261,-4.401172,-2.399943
1415,0,1,Normal,Supraventricular,-5.244596,-3.290170,-6.056624,-6.607384,-5.892461
1427,2,4,Ventricular,Unknown,-6.503601,-20.130066,-7.916826,-7.451134,-5.465010
1431,2,0,Ventricular,Normal,-1.999645,-9.998817,-3.213585,-6.363753,-6.208780
1436,2,0,Ventricular,Normal,-1.320674,-10.654292,-4.521756,-4.437919,-6.693408
1453,0,4,Normal,Unknown,-3.058205,-22.852638,-11.119536,-10.475124,-1.780343
1461,1,3,Supraventricular,Fusion,-6.733571,-3.115812,-14.334229,-0.402279,-9.566156
1481,2,4,Ventricular,Unknown,-8.668883,-16.176504,-8.112533,-8.274330,-6.803164
1488,1,3,Supraventricular,Fusion,-7.778490,-2.839123,-10.221431,-2.346864,-8.935695
1513,2,0,Ventricular,Normal,-6.379392,-12.752685,-10.032100,-9.251907,-9.709725
1528,3,4,Fusion,Unknown,-7.445149,-4.101147,-20.314768,-4.040013,-3.004599
1532,0,4,Normal,Unknown,-3.449447,-13.854391,-13.053261,-3.801303,-1.972618
1552,4,0,Unknown,Normal,4.117621,-29.899206,-19.414164,-2.654578,3.776557
1566,2,4,Ventricular,Unknown,-9.698978,-14.135133,-10.871292,-12.781982,-9.039651
1575,2,3,Ventricular,Fusion,-6.303229,-15.665272,-10.959228,-5.416162,-5.977091
1587,2,0,Ventricular,Normal,-7.600309,-16.485956,-11.977296,-9.321843,-7.985644
1606,1,3,Supraventricular,Fusion,-6.232767,-2.686904,-12.394405,-1.734571,-9.020509
1611,4,3,Unknown,Fusion,-9.809435,-16.500875,-13.528630,-4.791229,-5.707208
1617,2,0,Ventricular,Normal,-4.441978,-8.851821,-5.939460,-13.462346,-10.543611
1622,2,4,Ventricular,Unknown,-12.592639,-13.408093,-8.827724,-9.949821,-7.908917
1671,2,0,Ventricular,Normal,-11.420627,-15.465452,-13.997187,-11.578017,-12.075784
1700,0,2,Normal,Ventricular,-4.317020,-17.169886,-2.179702,-13.110794,-6.959362
1731,2,4,Ventricular,Unknown,-9.199814,-13.905043,-7.395098,-7.591901,-5.995267
1751,2,0,Ventricular,Normal,-5.554798,-11.737731,-9.343730,-14.360899,-12.093100
1757,2,0,Ventricular,Normal,-5.921633,-14.731338,-9.410837,-16.176626,-10.341841
1797,0,2,Normal,Ventricular,-4.696555,-13.244465,-4.527968,-9.528501,-6.655568
1801,2,0,Ventricular,Normal,-3.166982,-9.842230,-9.797132,-13.699111,-10.755574
1804,2,0,Ventricular,Normal,-3.914568,-10.543190,-8.763173,-13.828743,-10.865441
1818,3,0,Fusion,Normal,-1.648456,-11.151142,-15.793624,-2.087030,-5.572164
1827,0,2,Normal,Ventricular,-3.250942,-5.464007,-3.093385,-5.387612,-4.147422
1836,3,0,Fusion,Normal,3.091600,-21.772736,-23.929680,-2.389611,-5.080327
1837,4,0,Unknown,Normal,3.649072,-21.692081,-15.196451,-2.831208,2.526054
1885,4,0,Unknown,Normal,0.962906,-11.284583,-9.473742,-4.283560,-0.444312
1895,2,3,Ventricular,Fusion,-5.923063,-16.267784,-7.243487,-5.875327,-8.487557
1910,2,4,Ventricular,Unknown,-10.247360,-15.093358,-8.747548,-9.436562,-6.769824
1926,2,4,Ventricular,Unknown,-10.053700,-16.640854,-7.464972,-9.943881,-6.843258
1933,0,4,Normal,Unknown,-4.665444,-7.857307,-6.767535,-5.625025,-4.475720
1994,0,3,Normal,Fusion,-1.897865,-13.298420,-15.689110,-1.570235,-3.943144
2000,0,1,Normal,Supraventricular,-3.981325,-3.549886,-6.424455,-4.562806,-4.834768
2011,2,4,Ventricular,Unknown,-6.897761,-15.100760,-8.782175,-8.897246,-6.816290
2037,2,0,Ventricular,Normal,-7.317690,-15.137827,-9.623630,-7.961132,-7.491157
2045,2,4,Ventricular,Unknown,-10.363129,-16.867968,-9.823580,-9.529095,-7.711590
2054,3,0,Fusion,Normal,-2.882309,-14.394731,-22.868189,-4.714166,-9.240100
2064,2,4,Ventricular,Unknown,-10.558842,-15.827085,-8.553683,-8.795196,-7.128147
2065,4,0,Unknown,Normal,3.344575,-17.322689,-12.210992,-5.029726,-0.736193
2075,1,0,Supraventricular,Normal,-2.971515,-4.713870,-7.020610,-5.278274,-2.998689
2080,2,4,Ventricular,Unknown,-8.488590,-15.383651,-7.956579,-8.973114,-6.672908
2088,2,0,Ventricular,Normal,-3.199199,-11.224092,-4.771602,-5.930113,-5.263226
2111,2,0,Ventricular,Normal,-3.660832,-9.151143,-5.608449,-12.166415,-8.139410
2128,4,0,Unknown,Normal,4.254128,-34.960850,-15.592663,-4.174031,3.073555
2139,0,2,Normal,Ventricular,-2.402819,-8.084118,-2.200131,-5.024816,-5.057662
2144,1,3,Supraventricular,Fusion,-12.377435,-5.024283,-15.803202,-3.532337,-13.002653
2151,2,4,Ventricular,Unknown,-13.195990,-15.064903,-8.678915,-10.148211,-8.330941
2172,4,0,Unknown,Normal,4.918224,-30.173019,-18.152819,-1.590099,0.265998
2188,0,4,Normal,Unknown,-1.688843,-24.355337,-11.697647,-11.371052,-1.466205
2190,4,0,Unknown,Normal,6.017262,-31.252274,-16.855618,-3.150033,2.604406
2192,2,4,Ventricular,Unknown,-12.178314,-15.221072,-9.851987,-9.897300,-9.712286
2218,0,1,Normal,Supraventricular,-5.936403,-3.386471,-5.626206,-5.741483,-4.578578
2223,2,4,Ventricular,Unknown,-7.979908,-13.846352,-9.341062,-5.827727,-4.843922
2227,2,4,Ventricular,Unknown,-11.823731,-17.023832,-9.205342,-10.555882,-8.699622
2250,0,4,Normal,Unknown,-1.975073,-21.396605,-11.064342,-9.122961,-0.723208
2275,2,0,Ventricular,Normal,-6.698387,-15.452357,-8.812647,-8.837746,-8.264866
2289,2,4,Ventricular,Unknown,-3.700981,-6.881639,-2.498477,-5.246096,-1.872737
2300,2,0,Ventricular,Normal,-5.373040,-8.812400,-7.551841,-13.705468,-10.607459
2309,2,4,Ventricular,Unknown,-10.593216,-14.301001,-7.616686,-7.611465,-6.999534
2319,0,2,Normal,Ventricular,-4.622181,-22.339476,-3.591491,-14.324998,-8.118945
2405,0,4,Normal,Unknown,-2.023432,-21.430950,-8.723624,-10.573699,-1.977448
2408,2,0,Ventricular,Normal,3.229254,-22.043541,1.086040,-12.808260,-10.333978
2437,2,0,Ventricular,Normal,-1.844112,-12.644447,-3.278989,-5.498343,-4.513325
2440,2,4,Ventricular,Unknown,-10.425082,-14.448131,-8.758612,-10.217093,-8.230414
2448,2,0,Ventricular,Normal,-2.829886,-8.480081,-3.263860,-4.147958,-5.885994
2467,2,4,Ventricular,Unknown,-12.267653,-16.487251,-8.257117,-10.065110,-7.729416
2487,2,3,Ventricular,Fusion,-6.302612,-16.459375,-11.611789,-3.364246,-4.888863
2492,4,0,Unknown,Normal,4.755513,-29.119555,-14.049575,-8.835508,3.180401
2497,4,3,Unknown,Fusion,-9.212703,-12.247579,-9.742188,-6.816693,-7.071153
2506,2,4,Ventricular,Unknown,-10.145507,-16.098969,-10.421434,-8.825296,-7.646183
2539,4,0,Unknown,Normal,-2.483055,-5.599590,-6.589052,-5.786310,-3.039833
2574,2,3,Ventricular,Fusion,-12.345335,-13.245144,-8.875088,-7.311022,-7.826601
2592,2,4,Ventricular,Unknown,-5.577772,-7.011607,-2.991617,-6.499629,-2.424628
2603,2,4,Ventricular,Unknown,-8.357692,-15.747110,-10.017059,-7.332979,-7.137118
2608,2,0,Ventricular,Normal,-7.582911,-11.334053,-11.017071,-8.856448,-8.582290
2648,2,0,Ventricular,Normal,-6.988930,-15.320278,-13.613310,-11.986752,-11.498270
2658,2,3,Ventricular,Fusion,-8.649064,-14.161340,-9.201468,-4.907602,-6.067947
2685,2,0,Ventricular,Normal,-7.426705,-8.376777,-8.693954,-13.502536,-11.215342
2705,2,4,Ventricular,Unknown,-4.670107,-7.340111,-3.617406,-5.978301,-2.621403
2719,2,0,Ventricular,Normal,-0.665851,-6.960735,-8.187481,-2.444155,-4.069782
2749,2,4,Ventricular,Unknown,-10.661758,-13.244277,-7.441737,-7.552744,-6.073945
2751,0,4,Normal,Unknown,0.495227,-28.820944,-13.953109,-7.603315,1.421181
2754,2,4,Ventricular,Unknown,-10.746473,-13.724572,-8.199723,-8.170403,-6.767863
2764,4,0,Unknown,Normal,3.869456,-16.781822,-13.992719,-2.425501,-0.535338
2786,2,0,Ventricular,Normal,-5.577448,-8.514758,-6.217023,-14.362999,-10.829107
2794,2,0,Ventricular,Normal,-4.999781,-9.706178,-5.699846,-13.612970,-10.336509
2815,2,0,Ventricular,Normal,-8.794258,-16.366447,-10.761887,-11.088960,-8.994638
2828,2,0,Ventricular,Normal,-5.695930,-11.991005,-6.324519,-13.955669,-10.083129
2851,2,4,Ventricular,Unknown,-11.297317,-15.746735,-9.917503,-10.041785,-8.363075
2869,2,0,Ventricular,Normal,-8.800035,-10.480382,-11.879052,-9.620101,-11.094261
2882,0,4,Normal,Unknown,-5.866630,-11.773624,-9.787517,-6.742844,-5.092965
2891,2,0,Ventricular,Normal,-3.776334,-10.515939,-4.740643,-4.537106,-4.547176
2894,0,3,Normal,Fusion,-4.135210,-6.443325,-15.816257,-3.772841,-7.678463
2913,2,0,Ventricular,Normal,-2.167822,-9.586457,-2.830959,-6.868609,-6.636872
2935,1,3,Supraventricular,Fusion,-13.522017,-5.379314,-18.074249,-4.169866,-12.907114
2956,3,0,Fusion,Normal,6.652665,-21.486231,-27.889292,1.710992,-3.483582
2969,0,1,Normal,Supraventricular,-3.847533,-3.341023,-7.740020,-6.659472,-5.301883
2970,2,0,Ventricular,Normal,-1.945302,-4.920453,-3.368516,-4.345202,-2.826105
2985,2,0,Ventricular,Normal,-6.357171,-12.484023,-8.142422,-13.279515,-10.184123
2988,2,0,Ventricular,Normal,-3.552764,-11.724190,-3.643923,-5.599590,-4.701432
3002,1,3,Supraventricular,Fusion,-8.085735,-3.232687,-9.614694,-2.737474,-8.592156
3017,4,3,Unknown,Fusion,-2.208516,-7.357955,-15.747986,-2.028378,-2.711603
3057,2,0,Ventricular,Normal,-5.193434,-13.234153,-9.617257,-17.104179,-12.850295
3073,4,0,Unknown,Normal,-0.354654,-8.460443,-7.949595,-6.510190,-3.590455
3077,0,4,Normal,Unknown,-6.720884,-10.479586,-10.019781,-6.518905,-4.497470
3080,2,0,Ventricular,Normal,-1.737003,-11.782513,-3.537898,-5.044166,-4.855917
3088,2,4,Ventricular,Unknown,-8.601948,-15.439411,-9.148293,-8.364099,-7.237639
3092,2,4,Ventricular,Unknown,-8.596006,-17.125771,-6.600389,-8.991801,-6.178317
3096,2,0,Ventricular,Normal,-5.615569,-10.960678,-7.623647,-14.049627,-9.369857
3110,2,4,Ventricular,Unknown,-9.231374,-15.356353,-7.093449,-9.565848,-6.869717
3162,2,4,Ventricular,Unknown,-8.514150,-13.951976,-7.458011,-9.607230,-7.382554
3172,4,3,Unknown,Fusion,-10.822655,-17.200531,-15.580271,-4.756789,-5.181995
3179,2,4,Ventricular,Unknown,-9.568728,-17.658363,-10.857789,-8.347287,-7.220927
3217,2,4,Ventricular,Unknown,-10.471705,-14.111414,-7.897986,-8.934781,-7.248320
3238,2,4,Ventricular,Unknown,-10.974503,-15.134311,-8.637846,-9.317288,-8.077704
3243,0,3,Normal,Fusion,-3.293077,-7.478197,-6.564085,-3.247456,-4.407681
3245,1,0,Supraventricular,Normal,-2.261088,-3.817923,-15.435401,-4.300477,-6.913937
3261,0,4,Normal,Unknown,-4.403998,-11.049395,-11.390389,-4.238452,-3.368989
3281,0,4,Normal,Unknown,-2.143977,-25.287056,-11.622873,-10.191131,-1.458887
3336,2,0,Ventricular,Normal,-3.805118,-10.510530,-8.872686,-14.258452,-10.126455
3367,2,0,Ventricular,Normal,-6.762075,-9.844173,-6.769215,-13.689840,-11.126222
3368,2,0,Ventricular,Normal,-0.677279,-13.052684,-4.744102,-3.512741,-6.724820
3379,2,4,Ventricular,Unknown,-9.414501,-14.483023,-8.470169,-10.770528,-7.109283
3449,2,0,Ventricular,Normal,-2.996219,-10.405705,-3.910685,-5.492832,-5.111475
3465,2,4,Ventricular,Unknown,-12.003784,-13.857051,-8.964605,-9.425831,-8.364429
3468,0,1,Normal,Supraventricular,-8.038912,-3.894506,-13.952991,-6.586736,-7.567316
3482,0,3,Normal,Fusion,-2.221868,-8.905663,-12.078809,-2.162689,-4.908274
3485,2,4,Ventricular,Unknown,-10.014880,-14.802586,-9.201252,-9.157153,-7.726274
3510,2,0,Ventricular,Normal,-4.930175,-9.515930,-6.068629,-13.309153,-8.976627
3517,2,4,Ventricular,Unknown,-5.424804,-15.464272,-8.457772,-7.703866,-4.498403
3525,0,2,Normal,Ventricular,-1.507475,-2.438671,-0.720667,-4.713097,-5.577941
3551,2,4,Ventricular,Unknown,-10.464913,-16.485334,-12.630173,-9.887019,-8.325358
3570,2,3,Ventricular,Fusion,-9.545518,-18.163311,-11.864313,-6.043295,-6.519552
3573,1,3,Supraventricular,Fusion,-7.032385,-6.966678,-5.801342,-3.912025,-16.304892
3588,2,0,Ventricular,Normal,-3.925856,-9.158165,-8.664225,-13.565045,-11.977157
3589,0,3,Normal,Fusion,-4.626741,-5.926967,-11.880147,-4.514188,-7.917581
3591,2,0,Ventricular,Normal,-5.630160,-13.001050,-12.521583,-6.433405,-11.293592
3618,1,0,Supraventricular,Normal,-4.044563,-5.727445,-14.639561,-4.211554,-8.048200
3673,0,3,Normal,Fusion,-1.420800,-9.227395,-14.460835,-1.173570,-4.045634
3704,1,0,Supraventricular,Normal,-3.502455,-3.619492,-5.673811,-5.644353,-4.214755
3737,2,4,Ventricular,Unknown,-7.783190,-14.422293,-9.748236,-6.984058,-6.242504
3761,2,0,Ventricular,Normal,-9.576859,-11.821512,-10.257607,-10.960117,-9.679585
3767,2,0,Ventricular,Normal,-3.303109,-9.063085,-8.001444,-14.312872,-10.654742
3768,0,4,Normal,Unknown,-4.397949,-11.214377,-11.392409,-5.162785,-2.958875
3786,1,3,Supraventricular,Fusion,-13.884846,-6.826641,-15.380877,-5.559431,-11.768081
3803,2,0,Ventricular,Normal,-8.125993,-10.029757,-12.417829,-11.209356,-9.815749
3889,2,0,Ventricular,Normal,-5.188700,-9.174202,-8.132711,-14.282361,-12.845808
3906,2,3,Ventricular,Fusion,-6.213312,-12.422614,-9.557998,-6.143313,-6.735107
3926,0,1,Normal,Supraventricular,-3.652444,-2.340229,-8.533983,-7.029498,-6.435369
3939,2,4,Ventricular,Unknown,-5.008062,-16.929199,-13.222819,-5.593310,-4.581861
3962,2,3,Ventricular,Fusion,-10.626524,-12.824896,-7.970569,-5.636019,-7.916018
3970,0,1,Normal,Supraventricular,-5.151683,-2.420025,-8.084411,-8.606962,-7.178341
3971,2,4,Ventricular,Unknown,-8.257664,-14.654335,-8.387625,-9.150603,-7.398582
3983,2,0,Ventricular,Normal,-3.267746,-10.953996,-3.415050,-4.356523,-5.442873
3994,2,4,Ventricular,Unknown,-11.737113,-15.825992,-9.300083,-10.054860,-7.680511
4000,1,0,Supraventricular,Normal,-3.981906,-4.274240,-11.397550,-4.499977,-4.021727
4035,2,0,Ventricular,Normal,-2.647920,-12.387162,-4.799742,-5.283828,-5.166224
4073,4,0,Unknown,Normal,4.035330,-13.609161,-16.088173,-0.076205,-1.949534
4075,4,3,Unknown,Fusion,-6.380242,-18.698648,-13.495730,-4.642437,-6.407353
4086,2,0,Ventricular,Normal,-6.385128,-18.448790,-10.494944,-9.219759,-7.437115
4089,2,0,Ventricular,Normal,-2.270104,-12.729380,-10.111574,-13.970974,-10.679803
4099,1,3,Supraventricular,Fusion,-4.139444,-3.433954,-10.079515,-3.168399,-6.643530
4106,0,4,Normal,Unknown,-2.975163,-8.997571,-10.239694,-3.458711,-1.652685
4109,2,3,Ventricular,Fusion,-9.128479,-15.849339,-7.347653,-4.475714,-5.578221
4113,2,0,Ventricular,Normal,-6.706777,-11.828206,-7.577124,-12.845289,-9.975141
4117,2,3,Ventricular,Fusion,-3.859731,-9.107169,-4.285838,-3.676323,-5.518862
4124,1,3,Supraventricular,Fusion,-8.031657,-2.991274,-9.286653,-2.973226,-9.409150
4156,2,4,Ventricular,Unknown,-9.260263,-16.104258,-7.951313,-8.921337,-7.039424
4189,2,0,Ventricular,Normal,-9.477991,-11.000938,-12.150116,-9.757943,-9.526665
4205,0,4,Normal,Unknown,-6.842368,-5.024778,-5.177377,-9.171982,-4.354484
4236,2,4,Ventricular,Unknown,-11.420252,-14.768955,-8.360238,-7.171878,-6.548972
4243,0,4,Normal,Unknown,-4.435313,-7.533563,-5.270964,-5.320610,-4.007746
4257,1,4,Supraventricular,Unknown,-3.941378,-3.997930,-8.756248,-5.483698,-2.827942
4263,2,3,Ventricular,Fusion,-5.584270,-11.410877,-4.927869,-4.713065,-6.627556
4284,2,4,Ventricular,Unknown,-10.295344,-9.053394,-10.157149,-8.836865,-8.702880
4290,2,0,Ventricular,Normal,-8.230137,-10.339667,-10.767481,-9.477756,-9.478250
4291,4,0,Unknown,Normal,-4.931488,-12.565231,-11.955002,-5.941664,-6.351015
4328,2,0,Ventricular,Normal,-6.630557,-9.961717,-8.013435,-14.244483,-11.179518
4335,3,0,Fusion,Normal,-2.332145,-7.572166,-15.683937,-4.214908,-8.242628
4337,2,3,Ventricular,Fusion,-10.377955,-14.404911,-9.208207,-7.906219,-8.188354
4354,0,1,Normal,Supraventricular,-2.503899,-1.825116,-5.643238,-3.996200,-6.239443
4372,2,3,Ventricular,Fusion,-10.302943,-12.092670,-9.799811,-8.171243,-8.993728
4381,2,4,Ventricular,Unknown,-9.164303,-14.268796,-8.433308,-10.087934,-7.546964
4398,0,4,Normal,Unknown,0.237451,-8.976047,-9.821240,-4.224857,0.289961
4417,3,0,Fusion,Normal,3.332150,-11.435175,-32.267300,2.579151,-3.292754
4418,3,0,Fusion,Normal,9.859927,-22.578806,-43.879799,3.105187,-5.449961
4447,0,4,Normal,Unknown,-1.581658,-7.510675,-9.655321,-5.724752,-1.129111
4460,0,2,Normal,Ventricular,-3.516898,-19.288588,-1.559871,-13.735517,-6.928534
4507,3,1,Fusion,Supraventricular,-6.896382,-4.803981,-10.038520,-5.370852,-6.137845
4537,0,1,Normal,Supraventricular,-5.883104,-2.287019,-7.672507,-7.391270,-7.315408
4547,0,1,Normal,Supraventricular,-3.973830,-3.389487,-7.708714,-6.512142,-6.652096
4561,2,0,Ventricular,Normal,-4.092826,-12.580122,-4.599191,-6.716930,-6.239707
4600,0,2,Normal,Ventricular,-3.066111,-5.760397,0.055607,-4.232631,-9.725900
4608,0,4,Normal,Unknown,-3.311448,-7.901940,-7.974641,-4.876973,-2.629970
4610,2,4,Ventricular,Unknown,-10.970881,-13.413006,-9.364063,-9.138500,-7.689663
4621,2,0,Ventricular,Normal,-0.253086,-12.218059,-4.105584,-5.564776,-6.506698
4624,4,0,Unknown,Normal,-2.321687,-8.532043,-6.046850,-4.693928,-2.592380
4644,2,0,Ventricular,Normal,-8.275703,-14.241458,-12.345320,-8.364277,-9.984014
4646,1,3,Supraventricular,Fusion,-2.627518,-6.105284,-12.555407,-1.942001,-5.807097
4650,2,4,Ventricular,Unknown,-13.537562,-15.712263,-7.615802,-7.933507,-7.098780
4700,1,0,Supraventricular,Normal,-2.006764,-3.228037,-10.466601,-3.063662,-5.268322
4737,2,4,Ventricular,Unknown,-10.245288,-14.257735,-7.341343,-8.712437,-6.035667
4782,4,0,Unknown,Normal,3.760072,-29.342846,-16.249613,-4.937338,1.901964
4805,4,3,Unknown,Fusion,-11.395419,-8.765811,-11.838629,-6.118382,-7.125654
4836,1,0,Supraventricular,Normal,0.853528,-13.136518,-10.588511,-4.373919,-9.431066
4851,3,0,Fusion,Normal,-2.632846,-9.406057,-17.487530,-4.734623,-8.327174
4884,0,1,Normal,Supraventricular,-4.612727,-3.308232,-10.594197,-7.440673,-4.136462
4896,0,2,Normal,Ventricular,-3.986499,-8.580034,-3.418898,-4.827285,-3.730665
4926,2,0,Ventricular,Normal,-7.795847,-11.702994,-11.109879,-10.449699,-8.516994
4958,2,0,Ventricular,Normal,-4.251594,-17.878582,-8.458924,-5.856161,-6.539513
4979,0,2,Normal,Ventricular,-3.775067,-23.561272,-3.113957,-14.425941,-6.128151
4980,2,4,Ventricular,Unknown,-9.249837,-12.795842,-7.818958,-7.969971,-6.752413
4991,2,0,Ventricular,Normal,-4.098209,-8.571262,-8.142122,-12.122313,-9.216626
4992,1,3,Supraventricular,Fusion,-14.546846,-5.583175,-14.784275,-5.179296,-12.532676
5042,3,0,Fusion,Normal,-3.436421,-9.200407,-17.068354,-4.856118,-5.650189
5065,1,3,Supraventricular,Fusion,-11.096634,-7.136038,-17.027596,-3.961005,-9.858825
5091,2,3,Ventricular,Fusion,-7.939330,-11.726306,-11.287587,-7.937611,-8.876039
5117,3,1,Fusion,Supraventricular,-12.833321,-3.586372,-15.253338,-6.381871,-9.547501
5120,1,3,Supraventricular,Fusion,-15.054350,-8.984759,-21.758343,-8.602165,-13.313138
5156,0,3,Normal,Fusion,-5.134771,-6.791553,-9.047918,-4.808204,-6.019303
5179,2,4,Ventricular,Unknown,-9.827943,-15.408705,-9.742393,-7.002357,-6.616482
5183,2,4,Ventricular,Unknown,-10.750842,-13.921524,-8.030820,-9.129456,-7.672951
5202,2,4,Ventricular,Unknown,-10.549409,-16.694313,-7.289777,-8.618062,-7.095141
5230,2,0,Ventricular,Normal,-5.809234,-8.390304,-9.206614,-13.544783,-10.495228
5232,2,4,Ventricular,Unknown,-3.840279,-8.003731,-5.102893,-5.669658,-3.033299
5235,0,1,Normal,Supraventricular,-4.653952,-3.436764,-11.340449,-8.461561,-6.946728
5250,2,4,Ventricular,Unknown,-10.067410,-17.145920,-8.198805,-8.972081,-6.700996
5339,0,1,Normal,Supraventricular,-3.453758,-1.432890,-5.395298,-11.231690,-7.332225
5347,2,4,Ventricular,Unknown,-3.107375,-9.610584,-2.526593,-6.527951,-2.164711
5418,3,1,Fusion,Supraventricular,-8.536137,-2.684098,-16.086641,-6.059612,-6.767651
5421,2,4,Ventricular,Unknown,-10.934538,-14.849617,-8.561457,-10.018849,-7.368138
5425,2,0,Ventricular,Normal,-3.101112,-11.094522,-4.486494,-4.662892,-5.183038
5441,0,1,Normal,Supraventricular,-3.670327,-2.943635,-10.756087,-7.251623,-7.247983
5459,2,4,Ventricular,Unknown,-9.394838,-14.985253,-8.595086,-8.060814,-6.679005
5477,2,0,Ventricular,Normal,-5.108352,-10.699107,-6.121375,-13.301201,-10.607376
5484,2,4,Ventricular,Unknown,-10.916800,-15.422707,-7.094841,-8.367391,-6.507253
5488,2,4,Ventricular,Unknown,-8.722267,-13.918774,-10.260978,-9.626348,-8.393015
5500,0,4,Normal,Unknown,-4.315897,-13.036083,-11.556743,-4.500232,-2.985466
5502,2,0,Ventricular,Normal,-9.886516,-16.289049,-15.252191,-12.020832,-12.306253
5509,2,4,Ventricular,Unknown,-7.387245,-14.202044,-7.531878,-9.241098,-6.730319
5538,2,0,Ventricular,Normal,-1.581428,-5.332976,-3.573340,-6.016201,-4.005916
5559,3,0,Fusion,Normal,3.894990,-20.889067,-27.623325,2.293951,-3.843607
5571,2,4,Ventricular,Unknown,-9.142669,-13.675328,-8.524759,-7.798678,-7.314808
5574,0,4,Normal,Unknown,-5.235404,-4.796732,-9.766914,-6.222449,-4.390175
5589,2,0,Ventricular,Normal,-10.348703,-18.768948,-13.572339,-13.313468,-11.484745
5603,2,0,Ventricular,Normal,-3.877123,-11.362803,-12.557780,-6.765419,-8.468781
5606,1,3,Supraventricular,Fusion,-6.586582,-19.309456,-29.224497,-6.376658,-16.078989
5611,2,0,Ventricular,Normal,-0.885972,-16.299273,-10.230177,-5.748497,-6.159810
5617,2,0,Ventricular,Normal,-4.416726,-11.168516,-9.190042,-14.255708,-10.883153
5621,4,0,Unknown,Normal,3.638063,-18.729334,-11.705442,-3.178725,0.200251
5623,2,4,Ventricular,Unknown,-7.963517,-17.953217,-8.281389,-7.208871,-5.180103
5637,4,0,Unknown,Normal,-1.566614,-5.771446,-6.725667,-5.205671,-1.738398
5642,0,4,Normal,Unknown,-3.197644,-21.561901,-9.192848,-12.151360,-2.844324
5644,2,0,Ventricular,Normal,-4.676102,-9.304502,-8.369080,-13.833570,-12.116034
5648,2,4,Ventricular,Unknown,-8.507070,-15.835539,-10.865253,-9.470163,-8.481490
5675,2,3,Ventricular,Fusion,-5.151163,-11.356505,-4.535416,-4.196761,-6.550131
5678,2,0,Ventricular,Normal,-5.123720,-18.401167,-11.363996,-6.871891,-5.607650
5735,0,4,Normal,Unknown,-3.645217,-7.602368,-3.989104,-7.195446,-1.432122
5737,2,4,Ventricular,Unknown,-8.422760,-16.170580,-8.644492,-7.223156,-5.620755
5742,2,0,Ventricular,Normal,-5.477293,-8.865996,-7.567712,-12.944762,-10.223117
5767,4,3,Unknown,Fusion,-5.341558,-32.357117,-25.596966,0.002915,-9.607031
5782,3,0,Fusion,Normal,-1.231014,-6.791955,-11.090606,-3.083067,-7.962075
5793,0,2,Normal,Ventricular,-2.924070,-5.278086,-1.214134,-4.607590,-9.543237
5821,0,4,Normal,Unknown,-3.615034,-7.919781,-6.836858,-4.907901,-3.188607
5829,2,3,Ventricular,Fusion,-6.321674,-12.616583,-11.220464,-2.816613,-5.051101
5839,0,2,Normal,Ventricular,-5.084396,-20.557011,-3.540833,-13.432254,-7.158789
5853,2,4,Ventricular,Unknown,-11.458979,-12.979109,-9.076117,-10.320569,-8.594099
5854,2,0,Ventricular,Normal,-8.371415,-13.586887,-11.735838,-9.609603,-8.910073
5885,2,4,Ventricular,Unknown,-8.344135,-15.618985,-8.481625,-9.472436,-8.200017
5921,2,0,Ventricular,Normal,-4.660892,-17.626936,-9.747910,-7.402885,-7.192533
5925,2,0,Ventricular,Normal,-5.014855,-13.438134,-11.314478,-8.946877,-6.420539
5937,2,0,Ventricular,Normal,-7.744816,-9.132896,-8.886432,-14.104730,-11.940633
6012,0,4,Normal,Unknown,-2.433151,-10.550085,-11.305562,-4.156629,-0.876034
6026,2,0,Ventricular,Normal,-5.752363,-11.718183,-9.262496,-13.392697,-11.165558
6027,2,0,Ventricular,Normal,-6.127609,-16.618330,-8.614901,-9.554316,-6.952350
6032,2,4,Ventricular,Unknown,-11.362251,-17.152573,-7.250773,-8.554553,-6.773705
6044,0,3,Normal,Fusion,-2.682007,-12.384219,-15.215846,-1.352931,-7.450579
6058,4,0,Unknown,Normal,2.382637,-23.813988,-19.486773,-1.676535,1.960367
6064,0,1,Normal,Supraventricular,-7.393436,-3.005359,-7.948170,-4.245563,-5.889973
6075,4,0,Unknown,Normal,0.305856,-5.352058,-8.223933,-4.645912,-1.578441
6079,2,4,Ventricular,Unknown,-10.417449,-10.980128,-11.157233,-9.765912,-9.554518
6107,4,0,Unknown,Normal,0.456384,-9.596600,-8.954430,-7.116464,-1.860292
6109,2,3,Ventricular,Fusion,-10.313737,-10.699785,-10.918960,-9.253874,-9.265021
6124,0,1,Normal,Supraventricular,-4.939575,-4.182888,-11.447404,-4.599086,-6.312180
6141,2,4,Ventricular,Unknown,-7.699883,-17.243460,-8.368785,-8.691162,-6.904866
6193,2,4,Ventricular,Unknown,-9.492954,-14.177089,-8.741238,-9.829002,-7.923493
6232,2,0,Ventricular,Normal,-2.885302,-10.033739,-6.198504,-15.549506,-10.066882
6276,2,0,Ventricular,Normal,-2.159326,-10.587099,-4.879827,-5.157685,-6.043489
6286,2,3,Ventricular,Fusion,-10.739410,-9.731685,-10.426759,-9.632598,-10.230914
6290,2,0,Ventricular,Normal,1.430023,-12.038795,-3.987247,-5.148861,-6.623199
6296,4,0,Unknown,Normal,3.423426,-29.082611,-15.963218,-5.336839,2.269444
6319,1,0,Supraventricular,Normal,-2.318536,-3.428854,-9.216382,-7.696214,-7.320924
6340,4,0,Unknown,Normal,2.784055,-8.765057,-14.148947,-4.105151,-3.096569
6383,0,1,Normal,Supraventricular,-4.342921,-4.231106,-11.781783,-6.691262,-6.025985
6398,2,3,Ventricular,Fusion,-9.149900,-16.225948,-8.946672,-4.576047,-5.377831
6405,0,1,Normal,Supraventricular,-3.525305,-3.414860,-8.423191,-9.998816,-6.213660
6410,2,0,Ventricular,Normal,-0.639827,-9.310943,-4.367311,-5.329041,-5.638418
6429,2,4,Ventricular,Unknown,-9.400161,-16.847240,-7.616086,-8.554251,-6.725756
6437,0,4,Normal,Unknown,-4.599312,-10.128912,-11.859571,-5.596704,-4.241865
6455,2,0,Ventricular,Normal,1.989930,-24.560770,-11.208826,-1.840383,-7.018714
6458,2,4,Ventricular,Unknown,-10.757128,-17.343456,-6.150455,-8.092192,-5.994254
6467,0,4,Normal,Unknown,-3.615084,-6.684402,-12.561631,-5.161389,-2.998426
6473,2,4,Ventricular,Unknown,-8.203285,-14.318895,-8.558041,-8.688152,-7.028154
6476,0,1,Normal,Supraventricular,-5.024224,-3.425253,-7.306724,-7.772564,-6.912299
6481,4,0,Unknown,Normal,-0.407228,-6.610394,-9.014664,-5.858942,-2.288403
6493,2,4,Ventricular,Unknown,-9.667248,-14.891171,-7.528741,-7.712224,-6.709532
6523,1,3,Supraventricular,Fusion,-7.829919,-3.134868,-10.016603,-2.641966,-9.129428
6525,4,0,Unknown,Normal,0.574567,-21.673666,-3.069289,-8.923497,0.073581
6560,4,0,Unknown,Normal,1.413128,-10.631701,-11.759079,-0.825086,-2.710315
6567,4,0,Unknown,Normal,-0.588865,-9.823056,-11.511483,-3.906728,-2.136675
6590,2,0,Ventricular,Normal,-0.423727,-9.776058,-4.718503,-6.072125,-6.517910
6609,4,0,Unknown,Normal,-0.946371,-7.255461,-7.380250,-5.529465,-1.880755
6610,2,0,Ventricular,Normal,-5.278242,-7.599889,-7.303590,-13.334948,-9.321668
6618,2,0,Ventricular,Normal,-5.835365,-10.329721,-13.794694,-7.383882,-7.811269
6631,2,4,Ventricular,Unknown,-6.970222,-15.406097,-7.459995,-6.915395,-5.899474
6635,2,0,Ventricular,Normal,-7.473880,-14.431963,-11.810760,-13.992025,-13.483119
6643,3,1,Fusion,Supraventricular,-4.328431,-1.749663,-14.174457,-3.725376,-4.620217
6646,1,3,Supraventricular,Fusion,-7.149430,-3.011181,-11.288790,-2.302049,-8.858935
6654,2,0,Ventricular,Normal,-4.351772,-9.957401,-10.917946,-13.887556,-12.352468
6656,2,4,Ventricular,Unknown,-8.681685,-14.817546,-10.624945,-9.141814,-8.442158
6660,2,4,Ventricular,Unknown,-9.216133,-15.982415,-9.794666,-7.640701,-7.407363
6670,2,0,Ventricular,Normal,-8.414326,-11.982436,-10.084322,-10.203553,-8.535110
6687,2,3,Ventricular,Fusion,-7.227292,-10.465137,-3.863132,-3.217806,-6.049381
6695,0,4,Normal,Unknown,-4.647625,-13.365833,-10.588592,-8.517171,-4.452136
6718,4,0,Unknown,Normal,3.172773,-12.550087,-14.217287,-2.902880,-0.467635
6730,2,4,Ventricular,Unknown,-10.578982,-14.994099,-8.162248,-9.687661,-7.492614
6731,4,3,Unknown,Fusion,-8.594138,-13.569290,-12.024287,-4.371619,-5.064908
6734,2,3,Ventricular,Fusion,-8.717813,-12.515680,-10.484239,-8.307512,-9.006020
6735,2,0,Ventricular,Normal,-6.490108,-11.122865,-7.374139,-14.818269,-10.986093
6741,2,0,Ventricular,Normal,-4.772293,-15.371088,-11.226405,-4.842350,-6.500467
6745,4,0,Unknown,Normal,0.911564,-7.673612,-8.736346,-3.806897,-2.536545
6791,0,2,Normal,Ventricular,-3.686597,-10.524559,-3.407505,-6.068446,-5.439544
6793,2,0,Ventricular,Normal,-6.346096,-11.627044,-9.250179,-8.706310,-7.422466
6851,0,4,Normal,Unknown,-4.059568,-6.604286,-4.792703,-5.063372,-3.907714
6852,2,0,Ventricular,Normal,-4.530546,-10.463793,-8.578746,-13.337793,-9.921120
6854,2,3,Ventricular,Fusion,-5.309195,-10.871000,-4.989543,-4.867032,-7.279580
6868,2,0,Ventricular,Normal,-6.317302,-12.044650,-9.014422,-15.714950,-11.680963
6873,1,0,Supraventricular,Normal,-2.369896,-2.396255,-16.798140,-3.750355,-3.768241
6883,2,0,Ventricular,Normal,-8.078728,-14.769838,-11.277678,-9.929181,-9.541220
6900,2,0,Ventricular,Normal,-5.562604,-9.788305,-10.192120,-13.958714,-10.687874
6960,4,0,Unknown,Normal,-0.192119,-6.362634,-5.500421,-5.357708,-4.181160
6967,2,4,Ventricular,Unknown,-6.177583,-13.383980,-8.318521,-7.253408,-6.132171
6979,2,4,Ventricular,Unknown,-11.020357,-15.114619,-8.329206,-8.524972,-6.670893
6998,2,4,Ventricular,Unknown,-9.726473,-14.873550,-7.604915,-9.750029,-7.311384
7083,0,4,Normal,Unknown,-4.775782,-15.802413,-10.463883,-11.228545,-3.840966
7096,0,4,Normal,Unknown,-2.954546,-14.560050,-11.089203,-5.185245,-2.652525
7152,2,3,Ventricular,Fusion,-8.287381,-12.144564,-11.646094,-3.791293,-6.352571
7160,4,3,Unknown,Fusion,-8.943221,-10.055893,-11.527741,-5.728783,-6.778472
7169,2,4,Ventricular,Unknown,-11.841495,-14.906889,-9.512414,-11.067376,-9.297602
7171,0,3,Normal,Fusion,-3.859387,-8.165380,-14.439745,-3.727616,-7.436473
7200,2,4,Ventricular,Unknown,-9.003615,-13.736712,-8.458021,-8.995112,-6.849731
7206,2,0,Ventricular,Normal,-1.001945,-8.853184,-8.749893,-2.572081,-5.339443
7226,0,4,Normal,Unknown,-1.158104,-22.695942,-12.009092,-9.523044,-0.344135
7270,2,3,Ventricular,Fusion,-8.903673,-14.129861,-9.020264,-4.929644,-6.133686
7293,4,0,Unknown,Normal,1.248836,-24.410902,-19.372332,-1.270434,1.245209
7322,2,4,Ventricular,Unknown,-10.975754,-17.912741,-9.079775,-8.520452,-7.093578
7353,4,0,Unknown,Normal,0.483939,-13.165781,-6.149434,-4.740314,-3.419631
7372,2,4,Ventricular,Unknown,-4.364188,-8.664903,-3.466459,-6.669660,-2.793725
7401,2,4,Ventricular,Unknown,-11.118126,-15.035304,-7.561844,-8.269229,-6.419325
7412,0,4,Normal,Unknown,-5.530557,-18.595961,-9.823458,-10.095572,-4.811213
7435,0,3,Normal,Fusion,-1.815441,-11.675792,-13.252863,-1.552775,-7.342032
7447,2,0,Ventricular,Normal,-6.194533,-8.394750,-6.360970,-13.243461,-10.785384
7456,1,3,Supraventricular,Fusion,-7.476668,-3.800897,-12.948128,-3.033195,-9.754975
7470,0,4,Normal,Unknown,-1.276990,-6.206506,-12.039169,-5.943294,-0.611057
7476,0,4,Normal,Unknown,-1.953167,-9.371809,-11.971512,-5.305674,-1.770990
7483,2,0,Ventricular,Normal,-6.720178,-9.627000,-7.258890,-13.799970,-9.793864
7486,4,0,Unknown,Normal,-5.029969,-9.979278,-10.950932,-6.642337,-7.500487
7494,2,4,Ventricular,Unknown,-10.197051,-16.362488,-9.234957,-8.970654,-7.377577
7511,4,0,Unknown,Normal,-0.144116,-10.990393,-11.122124,-4.449289,-0.774888
7516,4,0,Unknown,Normal,0.752166,-5.767370,-7.929031,-7.193566,-1.600868
7540,2,4,Ventricular,Unknown,-10.357749,-13.465171,-9.003213,-8.300008,-7.322881
7550,2,0,Ventricular,Normal,-3.013769,-9.782332,-7.749841,-13.661269,-11.471400
7594,2,0,Ventricular,Normal,-4.342934,-8.103963,-4.494513,-10.672359,-8.739019
7615,2,0,Ventricular,Normal,-1.376549,-6.685033,-4.374842,-5.718596,-3.402793
7679,2,3,Ventricular,Fusion,-9.518160,-13.232820,-7.421933,-6.264381,-6.663596
7690,2,0,Ventricular,Normal,-7.258482,-10.501463,-7.567414,-14.838393,-11.341285
7692,0,3,Normal,Fusion,-10.183203,-9.333305,-17.150208,-6.150975,-11.117366
7719,4,0,Unknown,Normal,1.139036,-8.895547,-7.278125,-5.454108,0.318086
7773,2,4,Ventricular,Unknown,-8.641886,-12.544627,-8.620479,-9.744634,-8.543500
7781,0,1,Normal,Supraventricular,-5.368589,-3.054758,-9.369921,-7.835828,-6.919621
7803,2,4,Ventricular,Unknown,-11.695816,-17.193790,-9.580679,-9.983270,-8.333353
7827,2,0,Ventricular,Normal,-5.846829,-15.269465,-8.327253,-10.110811,-7.895127
7858,1,0,Supraventricular,Normal,-2.706016,-3.034594,-5.169563,-3.418536,-4.075836
7871,1,3,Supraventricular,Fusion,-3.737082,-8.025707,-18.212803,-0.928311,-3.933693
7895,2,4,Ventricular,Unknown,-4.380101,-8.046052,-2.736421,-6.436628,-2.162078
7896,2,4,Ventricular,Unknown,-9.369379,-17.250217,-11.140347,-9.688332,-7.705079
7910,1,0,Supraventricular,Normal,-3.866054,-5.991341,-10.222314,-5.433435,-7.769980
7914,4,0,Unknown,Normal,-2.270026,-5.956936,-8.254165,-6.798721,-3.577793
7924,4,0,Unknown,Normal,-6.424224,-10.418382,-9.133302,-13.842724,-10.338166
7925,0,4,Normal,Unknown,-3.677719,-22.698938,-9.580893,-12.405163,-3.182556
7941,2,0,Ventricular,Normal,-5.830530,-15.869663,-10.221879,-8.666131,-7.205312
7964,2,3,Ventricular,Fusion,-3.791370,-14.278672,-9.491902,-1.057540,-6.662304
7975,0,4,Normal,Unknown,-3.877980,-22.537649,-10.510101,-10.225958,-1.584623
7978,4,3,Unknown,Fusion,-9.778398,-14.733665,-14.113106,-4.498761,-5.421954
7980,2,4,Ventricular,Unknown,-10.094793,-12.622174,-11.284246,-10.496610,-8.446853
8027,2,4,Ventricular,Unknown,-9.708910,-15.567559,-7.418369,-10.067395,-6.912324
8049,2,0,Ventricular,Normal,-1.643275,-12.252574,-9.960986,-14.659303,-10.869086
8071,2,0,Ventricular,Normal,-7.187281,-9.827636,-9.774727,-13.521791,-11.073208
8078,2,4,Ventricular,Unknown,-9.710060,-16.493473,-9.587239,-8.330284,-8.131474
8086,2,0,Ventricular,Normal,-3.896248,-9.778316,-8.778098,-13.557775,-10.041298
8090,0,3,Normal,Fusion,-3.984078,-9.032234,-16.978050,-3.981221,-5.664103
8134,2,4,Ventricular,Unknown,-9.729845,-11.768477,-7.744081,-6.474800,-5.924803
8145,0,4,Normal,Unknown,-4.247677,-5.130054,-5.749830,-5.512834,-3.562175
8156,2,0,Ventricular,Normal,-3.392140,-9.409372,-4.189075,-5.532078,-7.380997
8166,1,3,Supraventricular,Fusion,-8.593832,-2.959605,-9.642563,-2.290314,-9.650922
8222,2,0,Ventricular,Normal,-5.014101,-11.049945,-10.594309,-13.959939,-11.381312
8226,4,0,Unknown,Normal,-0.965114,-6.825215,-5.638641,-6.871355,-2.968359
8239,2,3,Ventricular,Fusion,-9.774541,-12.037621,-10.691653,-8.668298,-9.239592
8246,2,4,Ventricular,Unknown,-9.275496,-15.398041,-7.881747,-9.811716,-7.842990
8263,4,0,Unknown,Normal,-0.962040,-9.788962,-7.713093,-5.733453,-2.305681
8282,2,0,Ventricular,Normal,-8.738111,-9.451568,-10.146296,-9.295157,-9.326980
8283,2,0,Ventricular,Normal,-7.853195,-19.264439,-9.450215,-10.315125,-8.536572
8296,0,4,Normal,Unknown,-1.054322,-26.571960,-13.328959,-9.665230,-0.942390
8298,2,0,Ventricular,Normal,-5.931710,-15.270359,-8.209385,-12.122240,-7.894482
8305,4,0,Unknown,Normal,-0.581800,-13.222486,-10.604685,-4.576975,-0.618712
8323,2,4,Ventricular,Unknown,-8.776977,-13.811922,-9.750566,-7.852787,-7.816503
8326,0,3,Normal,Fusion,-4.146327,-13.815401,-13.386698,-3.820922,-3.834410
8366,2,4,Ventricular,Unknown,-10.355555,-15.015429,-7.074636,-8.044403,-6.288997
8390,2,4,Ventricular,Unknown,-10.890507,-13.895890,-9.072826,-9.141559,-7.618949
8401,0,4,Normal,Unknown,-4.563507,-6.860709,-7.795697,-5.004275,-4.217791
8404,1,3,Supraventricular,Fusion,-3.842549,-17.822493,-11.714550,-0.222339,-11.131442
8414,0,3,Normal,Fusion,-0.408995,-39.217674,-18.647057,0.118524,-20.649015
8445,2,0,Ventricular,Normal,-5.399459,-6.000865,-7.055849,-10.775414,-9.421501
8448,2,0,Ventricular,Normal,-1.140073,-10.586562,-4.612036,-3.817267,-6.746058
8458,2,0,Ventricular,Normal,-2.903973,-10.921547,-4.919934,-5.057181,-5.047244
8474,2,1,Ventricular,Supraventricular,-9.947651,-8.238565,-10.384833,-10.535297,-9.999398
8479,4,0,Unknown,Normal,1.624959,-14.657669,-14.257233,-4.616604,-0.348187
8497,4,0,Unknown,Normal,0.582616,-8.158278,-10.379682,-4.340699,-0.583002
8519,1,3,Supraventricular,Fusion,-12.641067,-5.478100,-16.259539,-4.724154,-12.757680
8543,2,4,Ventricular,Unknown,-10.541802,-12.990225,-7.516666,-8.627877,-7.208908
8548,3,0,Fusion,Normal,7.663182,-29.329586,-54.169212,5.725372,-8.201434
8566,1,3,Supraventricular,Fusion,-7.530049,-2.411336,-11.639843,-2.225525,-9.041562
8578,0,2,Normal,Ventricular,-6.871191,-10.384764,-2.513397,-7.191368,-3.078629
8596,4,0,Unknown,Normal,-1.482578,-9.991261,-8.839194,-4.282159,-1.583131
8605,2,4,Ventricular,Unknown,-8.949790,-12.127900,-9.632098,-8.077025,-7.058798
8639,4,0,Unknown,Normal,-3.305898,-8.568736,-11.790141,-6.378906,-5.005624
8643,2,0,Ventricular,Normal,1.305227,-11.590047,-4.440169,-4.386930,-5.366538
8646,2,0,Ventricular,Normal,-6.312527,-10.866445,-10.753313,-13.226493,-11.102066
8663,4,0,Unknown,Normal,-1.815481,-9.299258,-8.581363,-4.888343,-4.733398
8667,0,3,Normal,Fusion,-1.203243,-9.198816,-13.187040,-1.140438,-6.214934
8685,2,0,Ventricular,Normal,-8.156935,-11.251678,-10.278966,-10.258256,-10.416608
8696,2,4,Ventricular,Unknown,-9.221483,-16.246685,-6.938547,-5.724437,-5.407324
8714,2,0,Ventricular,Normal,-8.542260,-13.536654,-10.758568,-10.274282,-8.756186
8727,2,0,Ventricular,Normal,-6.492181,-13.341595,-12.425318,-7.862628,-8.584855
8738,3,0,Fusion,Normal,-1.603586,-1.779793,-3.289322,-3.344245,-3.434129
8754,0,1,Normal,Supraventricular,-3.012167,-2.839617,-9.478632,-7.867774,-6.741841
8755,2,0,Ventricular,Normal,-7.804073,-8.814249,-10.189825,-14.564162,-13.008409
8762,2,4,Ventricular,Unknown,-8.592214,-13.249803,-11.354701,-9.398056,-8.218312
8795,2,4,Ventricular,Unknown,-9.068320,-13.707111,-11.435883,-9.722123,-7.990335
8817,2,0,Ventricular,Normal,-7.762464,-21.735073,-11.095360,-13.026341,-8.429626
8823,2,0,Ventricular,Normal,-3.952326,-11.248701,-8.641261,-15.288631,-11.386015
8831,2,4,Ventricular,Unknown,-8.813136,-15.045154,-10.257159,-10.092768,-8.450712
8839,2,4,Ventricular,Unknown,-9.301981,-18.773659,-9.741712,-8.595415,-6.862686
8848,0,1,Normal,Supraventricular,-4.725319,-4.478899,-8.477381,-8.211645,-6.818811
8869,0,4,Normal,Unknown,-3.838973,-5.847018,-6.354324,-6.856438,-3.803846
8942,2,0,Ventricular,Normal,-4.222038,-13.615339,-11.567867,-14.909675,-12.907836
8952,2,0,Ventricular,Normal,-3.194624,-10.734472,-7.843755,-15.064861,-10.843802
9069,1,3,Supraventricular,Fusion,-14.716709,-4.350903,-14.996099,-4.055473,-14.033218
9076,2,4,Ventricular,Unknown,-8.930841,-11.563452,-9.970687,-8.529734,-8.013391
9078,2,4,Ventricular,Unknown,-9.565179,-15.366639,-8.565488,-9.685384,-7.858028
9099,3,1,Fusion,Supraventricular,-8.906568,-5.566645,-11.772761,-6.059030,-6.595633
9105,4,0,Unknown,Normal,3.281849,-43.599339,-20.735256,-2.117126,-1.349077
9151,1,3,Supraventricular,Fusion,-6.231224,-9.979272,-16.482094,-4.007423,-10.114951
9165,0,4,Normal,Unknown,-3.919234,-20.655441,-9.456311,-10.638903,-2.328976
9166,2,0,Ventricular,Normal,-3.012845,-4.432677,-4.959710,-5.949038,-5.455352
9167,0,1,Normal,Supraventricular,-5.735532,-3.732204,-8.143756,-8.718714,-6.270886
9169,2,0,Ventricular,Normal,-5.138161,-9.449857,-8.196447,-14.978002,-12.011010
9170,1,4,Supraventricular,Unknown,-3.623743,-3.322950,-6.151578,-5.839361,-3.222446
9179,2,4,Ventricular,Unknown,-11.029837,-14.808426,-9.758986,-10.625259,-7.657437
9223,1,3,Supraventricular,Fusion,-7.805751,-2.542534,-11.070146,-1.930164,-8.661562
9224,2,0,Ventricular,Normal,-4.569440,-9.286057,-10.362674,-11.102907,-10.513976
9244,1,0,Supraventricular,Normal,-3.508953,-3.943619,-8.321644,-5.457565,-7.300570
9259,0,4,Normal,Unknown,-2.135966,-24.247725,-11.955722,-10.546864,-1.816700
9272,0,1,Normal,Supraventricular,-5.330909,-3.533660,-11.570423,-6.348259,-5.687562
9274,3,0,Fusion,Normal,-1.808287,-10.408721,-17.036562,-1.907477,-5.654490
9279,3,0,Fusion,Normal,-1.467901,-8.951903,-13.848015,-2.296106,-4.131917
9317,2,0,Ventricular,Normal,-5.443080,-10.022559,-8.922310,-14.039266,-12.956043
9329,0,3,Normal,Fusion,-4.643579,-7.921936,-15.954904,-4.362259,-7.376735
9368,2,4,Ventricular,Unknown,-9.200802,-16.171438,-8.340042,-11.193460,-8.134313
9374,2,0,Ventricular,Normal,-2.962090,-10.146748,-8.441795,-15.698761,-11.059905
9386,4,0,Unknown,Normal,2.103417,-7.320696,-10.184689,-5.130536,-5.678996
9406,2,1,Ventricular,Supraventricular,-7.788536,-6.057250,-6.709051,-13.582719,-11.387680
9407,2,4,Ventricular,Unknown,-8.773664,-10.766483,-7.533125,-7.508749,-7.200474
9428,2,0,Ventricular,Normal,-6.324441,-11.796638,-6.969685,-12.753332,-9.113785
9430,4,0,Unknown,Normal,3.143470,-27.304451,-14.533947,-6.855816,2.116377
9457,2,0,Ventricular,Normal,2.885655,-14.561810,-6.816963,-5.350441,-4.975335
9498,2,0,Ventricular,Normal,-6.595707,-17.726147,-15.648479,-16.937643,-16.160429
9539,2,0,Ventricular,Normal,-4.425039,-12.108739,-5.777720,-12.671949,-8.812045
9545,1,3,Supraventricular,Fusion,-6.472404,-4.270623,-12.021430,-1.111703,-9.161193
9548,2,0,Ventricular,Normal,-6.054559,-10.017992,-7.192976,-14.581581,-11.217953
9551,1,3,Supraventricular,Fusion,-8.949411,-2.464551,-12.000690,-2.284500,-10.626860
9561,0,3,Normal,Fusion,-2.949916,-7.000495,-11.929300,-2.742951,-5.760791
9564,2,0,Ventricular,Normal,-3.702105,-10.630529,-4.113055,-4.004491,-4.566055
9622,0,4,Normal,Unknown,-2.337850,-23.433189,-13.096840,-9.968806,-1.805039
9623,2,4,Ventricular,Unknown,-12.570607,-13.960498,-7.784573,-8.613320,-7.123589
9626,2,3,Ventricular,Fusion,-10.800785,-14.877390,-13.661188,-10.522952,-11.115526
9641,4,0,Unknown,Normal,-1.227876,-14.355301,-6.598418,-7.412061,-1.952857
9667,4,0,Unknown,Normal,3.607730,-34.300488,-24.140316,-2.026411,3.083671
9685,0,1,Normal,Supraventricular,-5.278291,-4.299839,-8.635903,-5.802508,-5.021453
9698,0,4,Normal,Unknown,-5.610105,-17.975746,-8.551256,-9.327641,-4.526217
9704,2,0,Ventricular,Normal,-5.936171,-7.239552,-7.536855,-13.695671,-11.109783
9728,1,0,Supraventricular,Normal,-0.242448,-2.633606,-13.794930,-4.371410,-6.577294
9758,4,0,Unknown,Normal,-1.801947,-13.580909,-14.066957,-3.376625,-7.805872
9781,2,4,Ventricular,Unknown,-10.725668,-14.926372,-7.859835,-8.191439,-6.064092
9783,0,1,Normal,Supraventricular,-4.914966,-4.160418,-11.333976,-6.988522,-6.257175
9788,2,0,Ventricular,Normal,-4.675327,-13.513616,-6.886941,-13.821971,-9.485438
9789,2,4,Ventricular,Unknown,-10.572025,-14.246703,-8.914623,-10.576547,-8.477096
9816,2,4,Ventricular,Unknown,-10.531303,-16.007103,-7.652628,-9.113615,-6.841581
9820,2,4,Ventricular,Unknown,-10.041360,-14.479362,-9.362984,-8.691056,-7.258515
9855,2,0,Ventricular,Normal,-3.532300,-11.929936,-10.882098,-12.596524,-11.117520
9878,1,3,Supraventricular,Fusion,-7.983186,-4.029501,-10.112652,-3.068016,-9.144738
9881,2,0,Ventricular,Normal,-6.219836,-11.657694,-6.282431,-13.372936,-10.088850
9893,1,3,Supraventricular,Fusion,-7.465934,-2.559933,-11.600568,-1.937543,-9.083385
9909,2,0,Ventricular,Normal,-6.119254,-12.961439,-8.050778,-12.387409,-9.742356
9929,0,4,Normal,Unknown,-3.934716,-21.997110,-9.184439,-11.322858,-1.821669
9931,2,4,Ventricular,Unknown,-11.069118,-17.651993,-8.506707,-7.934632,-6.747203
9937,2,4,Ventricular,Unknown,-11.920049,-18.836477,-8.181625,-10.148696,-7.992433
9946,2,4,Ventricular,Unknown,-4.547884,-18.234074,-7.612450,-5.054270,-4.055361
9954,4,0,Unknown,Normal,0.673541,-9.018088,-8.606179,-4.860684,-0.189660
9972,2,4,Ventricular,Unknown,-11.272694,-14.793873,-8.734068,-10.430397,-8.072319
9986,2,0,Ventricular,Normal,-6.787539,-10.292876,-8.819957,-14.245606,-12.523199
9994,3,0,Fusion,Normal,2.339988,-12.224596,-19.635223,-0.058496,-3.919098
10024,1,3,Supraventricular,Fusion,-13.548144,-6.424698,-16.974535,-4.322852,-11.734630
10027,0,2,Normal,Ventricular,-3.613359,-8.616388,-3.063818,-6.476233,-5.903233
10046,4,0,Unknown,Normal,-0.655878,-13.660126,-10.390523,-1.407259,-4.495392
10053,2,4,Ventricular,Unknown,-8.464442,-14.224507,-7.895103,-8.661974,-6.900325
10064,2,0,Ventricular,Normal,-4.568801,-14.557876,-10.051865,-6.924842,-7.874665
10081,2,4,Ventricular,Unknown,-8.757709,-11.400348,-9.575344,-8.751002,-8.504325
10111,4,0,Unknown,Normal,-1.283963,-7.570543,-7.906570,-4.337145,-2.450501
10127,3,0,Fusion,Normal,2.929888,-15.954230,-23.676245,-1.139091,-8.311507
10157,0,2,Normal,Ventricular,-3.312297,-11.317561,-2.915128,-6.084158,-5.310514
10166,2,0,Ventricular,Normal,-7.810780,-13.736219,-11.405116,-9.957122,-8.634863
10184,2,4,Ventricular,Unknown,-8.320620,-14.812323,-8.272883,-10.313130,-7.117990
10185,2,4,Ventricular,Unknown,-8.509774,-13.413762,-9.035384,-8.677411,-7.156511
10272,0,4,Normal,Unknown,-3.730177,-6.500085,-7.204263,-4.760223,-3.554225
10278,0,4,Normal,Unknown,-4.893014,-5.846670,-10.155042,-8.256886,-3.524364
10289,0,1,Normal,Supraventricular,-5.344808,-3.406237,-10.537342,-7.000542,-6.792152
10290,4,0,Unknown,Normal,-1.255068,-9.607371,-11.735685,-4.466450,-1.629147
10293,2,4,Ventricular,Unknown,-9.008832,-16.057997,-10.738024,-9.874793,-7.458683
10302,1,3,Supraventricular,Fusion,-7.752406,-4.447773,-13.968776,-2.575904,-8.300164
10309,2,4,Ventricular,Unknown,-7.699017,-14.318290,-8.276195,-9.626530,-6.640182
10335,0,4,Normal,Unknown,-6.042395,-6.844323,-7.246665,-6.161651,-3.219027
10338,4,0,Unknown,Normal,-0.406319,-13.097824,-13.988693,-3.752670,-1.489887
10343,2,3,Ventricular,Fusion,-9.470043,-11.391091,-8.986647,-7.517282,-8.360797
10361,2,4,Ventricular,Unknown,-3.218698,-9.105577,-5.469042,-4.621166,-1.597165
10387,0,2,Normal,Ventricular,-4.744684,-22.910845,-2.823448,-13.829940,-7.787339
10406,2,4,Ventricular,Unknown,-2.756005,-8.403814,-6.138528,-5.306968,-2.581618
10418,2,0,Ventricular,Normal,-8.456317,-9.824518,-10.614909,-8.945832,-8.613651
10428,0,4,Normal,Unknown,-1.978842,-23.926298,-10.421256,-11.224975,-1.890607
10442,4,3,Unknown,Fusion,-5.049839,-2.887838,-17.939749,-2.765472,-3.042350
10448,4,0,Unknown,Normal,1.403725,-9.046476,-8.834671,-5.153241,0.133491
10464,0,4,Normal,Unknown,-2.785202,-24.278431,-12.368279,-9.682627,-1.630842
10477,2,0,Ventricular,Normal,-4.980080,-10.739389,-5.298267,-13.703032,-9.626737
10512,2,0,Ventricular,Normal,-4.087696,-11.378378,-8.602020,-14.148186,-10.938484
10531,2,0,Ventricular,Normal,-5.349876,-11.214493,-7.276958,-15.301198,-11.688111
10592,1,0,Supraventricular,Normal,-0.957058,-1.926586,-13.295652,-3.411767,-2.385391
10603,2,4,Ventricular,Unknown,-9.368309,-13.889251,-8.728060,-8.042543,-6.888545
10606,2,0,Ventricular,Normal,-7.472106,-8.346864,-9.490016,-14.071287,-12.728953
10617,0,3,Normal,Fusion,-4.635305,-6.609474,-4.284786,-3.625292,-4.163394
10620,2,0,Ventricular,Normal,-6.380499,-13.029153,-10.889197,-8.171214,-8.262542
10625,1,3,Supraventricular,Fusion,-4.964084,-4.255235,-19.511282,-3.365970,-4.856689
10661,2,0,Ventricular,Normal,-4.679148,-13.923255,-7.364402,-12.450222,-8.975147
10665,2,4,Ventricular,Unknown,-12.646912,-14.965094,-8.582434,-9.869141,-7.456155
10668,3,0,Fusion,Normal,0.523884,-6.569147,-9.754102,-0.059341,-2.697352
10722,2,0,Ventricular,Normal,-5.227963,-7.681233,-5.676121,-10.005923,-9.219489
10737,2,4,Ventricular,Unknown,-9.654129,-13.897551,-9.536891,-8.875339,-7.052907
10741,0,2,Normal,Ventricular,-4.239121,-6.312026,-2.922674,-11.142468,-10.764732
10767,0,4,Normal,Unknown,-4.238869,-7.635859,-4.985027,-5.594757,-4.063609
10789,2,4,Ventricular,Unknown,-11.018722,-12.713730,-8.043968,-9.393222,-6.598370
10802,2,0,Ventricular,Normal,-5.820827,-20.624029,-6.586384,-6.898139,-5.872056
10815,2,4,Ventricular,Unknown,-10.383845,-15.447444,-8.142419,-8.669483,-7.944274
10822,2,0,Ventricular,Normal,-5.015605,-11.356852,-5.376727,-6.287360,-7.375427
10846,2,0,Ventricular,Normal,-2.101830,-9.873534,-2.685608,-5.715949,-7.337603
10852,0,1,Normal,Supraventricular,-1.922390,-1.815298,-6.382570,-5.530239,-4.938068
10859,2,3,Ventricular,Fusion,-5.048818,-9.595159,-4.637858,-4.608313,-5.699378
10889,2,3,Ventricular,Fusion,-5.737097,-13.861894,-8.010374,-3.878368,-5.260626
10919,2,0,Ventricular,Normal,-8.062006,-9.667555,-10.324888,-14.787493,-12.468236
10925,2,3,Ventricular,Fusion,-9.084324,-13.129621,-10.503774,-8.259848,-9.199106
10929,2,4,Ventricular,Unknown,-8.217395,-13.166574,-8.647902,-7.330315,-6.786619
10931,2,4,Ventricular,Unknown,-11.392813,-16.376184,-8.281974,-9.451508,-7.457289
10942,2,4,Ventricular,Unknown,-8.438254,-15.389160,-7.388677,-6.723993,-6.039566
10954,2,4,Ventricular,Unknown,-7.583097,-15.594108,-8.655307,-9.504763,-7.379592
10976,4,0,Unknown,Normal,0.930269,-8.197675,-7.441897,-4.829515,-1.210131
11007,0,1,Normal,Supraventricular,-5.510820,-4.446768,-10.138602,-7.360562,-6.497965
11036,0,1,Normal,Supraventricular,-2.927006,-2.172467,-5.661130,-2.829546,-6.776769
11039,1,0,Supraventricular,Normal,-1.931135,-3.834570,-11.696287,-2.050720,-3.301086
11074,3,0,Fusion,Normal,1.973457,-13.834246,-22.310318,1.092823,-3.857450
11083,2,0,Ventricular,Normal,-0.883839,-11.417535,-6.722026,-4.810008,-5.621108
11096,0,3,Normal,Fusion,-1.955999,-15.924905,-19.115356,0.321012,-8.059815
11102,2,0,Ventricular,Normal,-3.010288,-14.042546,-5.340968,-4.726161,-5.736692
11109,2,0,Ventricular,Normal,-5.112358,-10.465411,-5.601192,-14.668247,-11.357476
11127,2,0,Ventricular,Normal,-3.439393,-12.089010,-9.240529,-13.871299,-11.298890
11149,2,3,Ventricular,Fusion,-9.313549,-9.883769,-10.421065,-7.885179,-9.397580
11174,2,0,Ventricular,Normal,-7.956841,-9.278669,-10.000253,-13.376300,-12.234068
11179,2,0,Ventricular,Normal,-4.278404,-13.032864,-14.257489,-16.061953,-13.831708
11200,2,4,Ventricular,Unknown,-10.794380,-13.818071,-8.964992,-8.991246,-7.194340
11224,2,0,Ventricular,Normal,-6.088237,-9.695856,-6.643630,-12.134323,-9.191295
11225,0,2,Normal,Ventricular,-3.256074,-6.290152,-3.121938,-5.462311,-4.309367
11241,2,4,Ventricular,Unknown,-11.335150,-16.842503,-9.611287,-9.538116,-7.589728
11311,2,4,Ventricular,Unknown,-8.770457,-14.932098,-8.025563,-10.192008,-7.241767
11312,0,3,Normal,Fusion,-1.124464,-11.979445,-21.640745,-0.905656,-5.673172
11315,0,4,Normal,Unknown,-3.132196,-19.664362,-9.579608,-10.578094,-2.523062
11317,0,3,Normal,Fusion,-6.731393,-11.271976,-8.506955,-1.942804,-21.278395
11321,2,4,Ventricular,Unknown,-8.109948,-16.016665,-10.524787,-8.886197,-5.470457
11331,0,2,Normal,Ventricular,-4.948710,-5.760890,-4.304348,-6.477954,-4.307152
11339,2,4,Ventricular,Unknown,-8.138485,-17.802431,-6.141052,-9.746050,-5.578373
11348,0,4,Normal,Unknown,-3.136527,-5.183597,-8.592211,-5.527289,-2.679961
11352,2,3,Ventricular,Fusion,-5.892730,-9.762749,-5.607939,-4.100888,-4.715192
11358,2,4,Ventricular,Unknown,-9.475627,-12.449512,-9.783253,-10.232208,-8.761797
11365,2,0,Ventricular,Normal,-6.891371,-8.941586,-10.462264,-13.896071,-12.595887
11377,1,3,Supraventricular,Fusion,-8.469818,-2.668384,-9.561575,-1.554071,-8.421395
11400,2,3,Ventricular,Fusion,-8.366016,-17.586554,-11.098673,-7.759268,-8.011166
11404,0,1,Normal,Supraventricular,-3.917182,-3.337948,-10.556950,-6.312905,-4.162442
11421,1,0,Supraventricular,Normal,0.306295,-3.582427,-9.707952,-2.651918,-1.453535
11440,2,4,Ventricular,Unknown,-9.046111,-17.037384,-9.815977,-9.284909,-7.480865
11451,2,0,Ventricular,Normal,-5.922755,-15.951186,-8.095261,-8.001800,-6.960085
11457,0,2,Normal,Ventricular,-3.667567,-21.599453,-2.939789,-14.380406,-8.256622
11482,4,0,Unknown,Normal,-0.369465,-9.862496,-9.040258,-4.379549,-1.594329
11487,2,0,Ventricular,Normal,-4.236305,-13.377069,-4.997989,-13.918464,-8.151587
11515,4,0,Unknown,Normal,-0.368085,-6.787030,-8.497269,-5.587635,-4.306580
11520,2,0,Ventricular,Normal,-5.586248,-9.416464,-5.765138,-13.858543,-9.799433
11542,4,0,Unknown,Normal,4.834935,-19.953243,-14.764250,-4.192380,-0.677150
11567,4,0,Unknown,Normal,4.142701,-29.591625,-16.927977,-6.476211,2.200897
11584,2,0,Ventricular,Normal,-1.427937,-12.224951,-10.906411,-10.114448,-7.951321
11592,1,3,Supraventricular,Fusion,-14.014799,-5.638148,-12.271463,-5.285820,-11.805533
11604,0,1,Normal,Supraventricular,-4.016680,-3.408016,-12.250907,-5.517494,-6.686909
11630,0,3,Normal,Fusion,-4.499143,-9.655806,-8.590935,-2.969039,-6.284944
11637,0,3,Normal,Fusion,-4.187602,-12.787876,-14.807220,-3.590729,-4.967096
11646,2,4,Ventricular,Unknown,-9.667373,-14.232995,-7.738138,-9.270946,-7.431574
11654,4,3,Unknown,Fusion,-11.624489,-18.096592,-13.458409,-4.478703,-5.178115
11657,4,3,Unknown,Fusion,-11.205629,-14.877310,-16.786119,-9.213159,-9.832425
11666,2,0,Ventricular,Normal,-6.514808,-8.188990,-8.212794,-15.131196,-12.215293
11669,2,0,Ventricular,Normal,-5.695549,-7.313967,-6.478455,-12.821596,-10.482498
11688,4,0,Unknown,Normal,-1.335103,-16.781431,-23.362329,-4.891347,-7.429877
11693,2,4,Ventricular,Unknown,-9.186902,-17.675144,-9.001485,-8.443880,-8.084257
11702,2,4,Ventricular,Unknown,-10.377159,-16.711441,-8.897489,-7.298725,-6.178396
11734,2,4,Ventricular,Unknown,-3.296580,-18.618055,-9.814726,-5.864126,-2.586954
11736,2,0,Ventricular,Normal,-1.711953,-10.672597,-3.291352,-5.208899,-7.556943
11749,1,3,Supraventricular,Fusion,-7.475516,-3.164697,-10.332543,-2.656272,-8.686458
11767,0,4,Normal,Unknown,-2.239742,-19.908888,-10.115554,-11.260081,-2.014689
11774,4,3,Unknown,Fusion,-7.000108,-12.378058,-9.161635,-6.241159,-7.305394
11775,2,4,Ventricular,Unknown,-3.969644,-9.252826,-4.296447,-6.408644,-2.670540
11810,1,0,Supraventricular,Normal,-1.438483,-2.604553,-15.955090,-2.947391,-3.789423
11812,1,3,Supraventricular,Fusion,-13.546276,-6.331912,-18.772295,-4.956622,-13.986840
11821,2,4,Ventricular,Unknown,-8.628126,-22.469547,-7.262904,-11.158151,-6.419031
11824,2,4,Ventricular,Unknown,-11.548445,-15.779198,-8.947896,-8.725956,-8.100024
11826,3,0,Fusion,Normal,4.439593,-16.909739,-13.921489,-1.360509,-6.891086
11830,2,0,Ventricular,Normal,-5.271219,-10.809011,-10.192945,-14.734961,-10.998137
11840,2,0,Ventricular,Normal,-5.814472,-10.335709,-8.965015,-14.160117,-11.934933
11905,3,0,Fusion,Normal,-1.062446,-9.948349,-8.763724,-1.490824,-6.548518
11924,1,3,Supraventricular,Fusion,-1.166385,-13.216427,-21.771654,0.091788,-7.220770
11953,0,2,Normal,Ventricular,-3.568219,-8.828034,-2.881874,-4.968767,-5.033396
11993,0,2,Normal,Ventricular,-2.891978,-9.194435,-2.586224,-5.342796,-3.823565
12003,4,0,Unknown,Normal,2.942626,-10.131933,-6.375659,-3.450400,-2.744545
12020,2,0,Ventricular,Normal,-6.047952,-13.011225,-9.567027,-15.704199,-12.837924
12034,2,0,Ventricular,Normal,-3.182786,-10.803020,-9.500594,-13.447525,-10.540744
12065,0,4,Normal,Unknown,-3.817380,-6.673569,-4.796031,-4.429562,-3.571810
12074,2,0,Ventricular,Normal,-5.408856,-10.663806,-9.460290,-12.689800,-9.751751
12092,2,4,Ventricular,Unknown,-4.101249,-8.044052,-3.058172,-6.779644,-2.254642
12110,2,0,Ventricular,Normal,-6.947254,-12.011033,-8.963419,-9.681891,-7.501944
12138,2,3,Ventricular,Fusion,-8.527566,-16.006599,-9.239413,-6.888952,-7.071015
12140,2,0,Ventricular,Normal,0.024013,-12.051762,-10.961774,-7.454165,-7.353191
12159,0,4,Normal,Unknown,-1.637820,-21.723125,-10.833405,-9.821815,-1.522961
12165,3,0,Fusion,Normal,0.455527,-4.473602,-11.292090,-0.677208,-0.965969
12201,2,0,Ventricular,Normal,-2.590777,-9.173160,-3.713913,-6.289033,-4.806731
12207,2,0,Ventricular,Normal,-5.448520,-13.432136,-11.962490,-7.208716,-8.127238
12219,2,3,Ventricular,Fusion,-8.329899,-15.418870,-10.654816,-7.070980,-7.178860
12253,3,0,Fusion,Normal,-1.014790,-2.951509,-2.781275,-2.014032,-2.762647
12257,0,1,Normal,Supraventricular,-3.851380,-3.848223,-11.727037,-6.334575,-6.040994
12263,2,0,Ventricular,Normal,-3.096155,-6.736604,-6.605697,-11.293835,-8.382344
12274,0,4,Normal,Unknown,-2.422199,-22.917334,-9.514444,-10.311305,-1.996666
12305,2,0,Ventricular,Normal,-8.253804,-10.779060,-8.519328,-14.065637,-11.675369
12316,0,4,Normal,Unknown,-2.366795,-29.540524,-19.108866,-4.741393,-1.321419
12327,2,4,Ventricular,Unknown,-9.300658,-11.772270,-7.841452,-8.336788,-7.799920
12371,2,4,Ventricular,Unknown,-11.353300,-14.244385,-8.545654,-9.999234,-8.367135
12386,4,3,Unknown,Fusion,-11.870035,-14.496617,-15.149407,-6.795012,-8.393757
12391,3,1,Fusion,Supraventricular,-5.601103,-2.609518,-16.644457,-3.278091,-5.815957
12441,0,4,Normal,Unknown,-4.218943,-6.387059,-13.238995,-6.129755,-3.283404
12456,0,1,Normal,Supraventricular,-4.850104,-3.447190,-5.236930,-7.820483,-5.199691
12506,0,1,Normal,Supraventricular,-4.538024,-3.834281,-8.742821,-6.363051,-6.940016
12537,2,4,Ventricular,Unknown,-13.276831,-16.639507,-9.522603,-10.432879,-8.298754
12552,2,4,Ventricular,Unknown,-10.743343,-16.916828,-8.480637,-10.188280,-7.946521
12555,1,0,Supraventricular,Normal,-1.690821,-3.555650,-9.492720,-3.054099,-5.627527
12568,4,0,Unknown,Normal,-2.906391,-14.663469,-8.331170,-7.415088,-4.352524
12579,2,0,Ventricular,Normal,-1.315737,-5.328052,-3.470128,-3.540326,-2.086436
12590,0,4,Normal,Unknown,-1.607813,-21.961893,-15.623745,-4.857110,-1.447765
12600,3,0,Fusion,Normal,0.849238,-7.851005,-9.451585,-2.968739,-3.895631
12602,2,1,Ventricular,Supraventricular,-8.403266,-8.244903,-9.485539,-14.300817,-12.195670
12606,3,0,Fusion,Normal,-0.899846,-14.873701,-19.258760,-3.218584,-4.549816
12616,2,0,Ventricular,Normal,-4.860868,-8.123931,-6.058710,-14.217736,-10.824097
12676,2,4,Ventricular,Unknown,-13.085264,-17.087626,-7.565455,-8.623939,-7.260897
12682,0,2,Normal,Ventricular,-0.008058,-6.799349,0.849041,-7.748949,-12.834809
12684,2,4,Ventricular,Unknown,-9.445148,-15.680177,-9.386311,-9.133889,-7.208158
12699,0,4,Normal,Unknown,-2.803757,-23.252478,-11.815535,-11.276420,-2.296257
12702,1,3,Supraventricular,Fusion,-4.232140,-9.975281,-15.466111,-2.728376,-4.619376
12720,2,3,Ventricular,Fusion,-8.375038,-12.633759,-10.555950,-7.858909,-8.594492
12768,4,2,Unknown,Ventricular,-3.772133,-6.763289,-3.737224,-4.844794,-3.906102
12795,3,0,Fusion,Normal,-2.662769,-12.359866,-17.985741,-2.883058,-8.296608
12839,2,0,Ventricular,Normal,-3.043767,-8.971516,-8.812584,-11.834043,-8.072276
12864,4,0,Unknown,Normal,-1.523797,-8.834266,-8.529033,-4.710214,-1.941638
12865,0,3,Normal,Fusion,-0.313030,-8.578468,-9.135601,0.576302,-9.899392
12913,2,0,Ventricular,Normal,2.858691,-13.533025,-4.116833,-3.957503,-6.574901
12925,0,1,Normal,Supraventricular,-4.642480,-4.517064,-13.577776,-6.651799,-5.804703
12939,2,0,Ventricular,Normal,-5.959854,-9.621089,-9.993794,-14.802934,-11.892195
12953,0,4,Normal,Unknown,-2.789507,-14.037348,-14.932683,-3.076841,-2.436368
12964,0,3,Normal,Fusion,-3.793651,-5.386519,-22.280916,-3.059876,-8.694520
13007,2,4,Ventricular,Unknown,-9.077848,-15.110584,-10.858060,-8.650810,-8.263733
13014,2,0,Ventricular,Normal,0.595497,-14.029323,-2.774433,-7.217810,-5.765235
13035,2,0,Ventricular,Normal,-8.862941,-13.844480,-10.661191,-10.547302,-9.128897
13038,2,4,Ventricular,Unknown,-9.364817,-15.246334,-7.141816,-8.844209,-6.960942
13039,0,4,Normal,Unknown,-6.459366,-5.956532,-21.434795,-7.427844,-3.651495
13058,0,4,Normal,Unknown,-1.834889,-5.942217,-12.403830,-3.785589,-1.629055
13080,2,0,Ventricular,Normal,-7.079542,-13.044833,-13.115679,-9.789775,-9.143377
13102,2,0,Ventricular,Normal,-2.959311,-11.102371,-9.385225,-14.947528,-11.690171
13107,2,4,Ventricular,Unknown,-11.008438,-16.040915,-10.100348,-8.009131,-7.727090
13108,2,4,Ventricular,Unknown,-10.174236,-15.707337,-9.305360,-10.377837,-8.092013
13133,2,3,Ventricular,Fusion,-10.747776,-9.579186,-10.773733,-8.615665,-9.511659
13148,2,3,Ventricular,Fusion,-4.846540,-10.749222,-3.340832,-3.093530,-5.663107
13164,2,0,Ventricular,Normal,-5.562746,-12.003196,-5.649539,-15.342315,-9.556033
13176,2,0,Ventricular,Normal,-4.447104,-13.783708,-8.188516,-12.721231,-8.272557
13188,2,4,Ventricular,Unknown,-8.580593,-16.395781,-8.394640,-6.612695,-5.595034
13194,1,3,Supraventricular,Fusion,-0.782185,-6.988482,-15.019450,0.181596,-5.331451
13195,4,0,Unknown,Normal,-0.087309,-8.361121,-5.709209,-5.968432,-1.309478
13208,0,4,Normal,Unknown,-2.558755,-25.030064,-12.514217,-9.354415,-1.520119
13214,4,0,Unknown,Normal,-1.309962,-6.683058,-10.439610,-4.762662,-3.794600
13218,2,4,Ventricular,Unknown,-10.394572,-13.693860,-9.265711,-9.173001,-8.570464
13261,3,0,Fusion,Normal,0.403245,-13.455799,-20.005407,-0.412127,-4.962197
13263,3,1,Fusion,Supraventricular,-7.201083,-2.027916,-20.529684,-4.773400,-3.067152
13315,0,4,Normal,Unknown,-2.050889,-8.885299,-7.197975,-4.958025,-1.959150
13334,4,0,Unknown,Normal,-0.303584,-13.458910,-12.060306,-3.572458,-1.429954
13341,2,4,Ventricular,Unknown,-9.088333,-16.095383,-8.736080,-7.530259,-6.629982
13358,2,0,Ventricular,Normal,-5.477014,-9.813170,-7.018326,-14.762251,-11.644684
13378,4,0,Unknown,Normal,2.458870,-25.077290,-6.541207,-12.227385,2.080227
13416,0,1,Normal,Supraventricular,-5.736348,-4.134176,-6.046127,-8.330697,-7.099906
13433,2,0,Ventricular,Normal,-2.358225,-9.556466,-2.759037,-5.294981,-6.629163
13440,2,0,Ventricular,Normal,-1.487362,-10.475396,-4.493615,-4.724718,-7.460801
13449,1,3,Supraventricular,Fusion,-7.134308,-3.078390,-9.839358,-1.494870,-8.863006
13465,2,0,Ventricular,Normal,-2.768089,-21.962900,-7.576931,-9.020172,-6.113548
13486,2,4,Ventricular,Unknown,-7.038194,-15.150659,-9.036510,-7.883976,-6.597352
13497,2,0,Ventricular,Normal,-5.696560,-9.939706,-8.301797,-13.857985,-10.369807
13554,2,4,Ventricular,Unknown,-9.351607,-14.252202,-7.937047,-7.842079,-6.828134
13555,0,4,Normal,Unknown,-0.784555,-12.538840,-9.002778,-4.154423,1.496235
13578,2,3,Ventricular,Fusion,-5.681882,-7.922268,-7.934352,-4.714593,-10.004538
13588,2,0,Ventricular,Normal,-6.549286,-14.633094,-7.519845,-7.301918,-6.637535
13594,0,4,Normal,Unknown,-5.042918,-11.622350,-11.632095,-6.570216,-4.585076
13599,0,4,Normal,Unknown,-3.280105,-9.401337,-8.587489,-5.381524,-2.381196
13600,2,0,Ventricular,Normal,-4.145442,-5.170495,-5.345887,-5.714729,-6.573588
13617,4,0,Unknown,Normal,2.755311,-11.427820,-12.591788,-1.674346,-1.476154
13628,1,3,Supraventricular,Fusion,-6.558958,-2.945996,-11.301284,-2.227408,-8.947519
13630,2,0,Ventricular,Normal,-7.157444,-10.915961,-8.336741,-14.499784,-11.745978
13638,2,0,Ventricular,Normal,-7.472486,-8.060482,-9.766322,-13.131618,-11.260646
13695,2,4,Ventricular,Unknown,-10.903756,-15.125233,-9.568011,-8.161134,-6.913448
13712,2,4,Ventricular,Unknown,-12.063917,-15.279274,-7.041968,-8.538158,-6.401237
13805,2,3,Ventricular,Fusion,-9.584980,-10.183661,-9.502859,-6.210272,-7.906281
13818,1,3,Supraventricular,Fusion,-7.882744,-3.106940,-10.453817,-2.613344,-8.971688
13822,2,4,Ventricular,Unknown,-3.879071,-8.481548,-3.874847,-6.105372,-2.801475
13852,2,0,Ventricular,Normal,-3.047209,-11.791810,-3.230092,-6.584555,-4.478915
13881,0,1,Normal,Supraventricular,-5.012534,-3.691052,-8.160622,-6.384984,-4.861993
13885,2,0,Ventricular,Normal,-8.058022,-12.047792,-10.839639,-9.319742,-9.444127
13945,3,1,Fusion,Supraventricular,-11.463193,-0.165256,-9.639935,-6.843866,-10.081869
13989,2,0,Ventricular,Normal,-4.936149,-10.480305,-7.185718,-14.952874,-11.003461
13990,0,4,Normal,Unknown,-1.540148,-7.971282,-8.551845,-4.646416,-1.415864
14001,4,0,Unknown,Normal,5.896364,-38.060123,-25.274229,-1.994122,2.836937
14012,0,4,Normal,Unknown,-4.907923,-18.634106,-12.073896,-8.938612,-4.815013
14016,2,4,Ventricular,Unknown,-10.539817,-16.960331,-10.116589,-9.458665,-7.754814
14020,0,4,Normal,Unknown,-3.252808,-22.496099,-7.534384,-12.479054,-2.494853
14050,0,3,Normal,Fusion,-1.180093,-8.879907,-19.851315,0.372674,-5.324933
14060,2,4,Ventricular,Unknown,-3.745846,-9.675386,-3.812918,-6.420587,-2.045171
14096,0,2,Normal,Ventricular,-4.493692,-20.760925,-4.024436,-16.026960,-7.737013
14111,2,4,Ventricular,Unknown,-8.743385,-15.479063,-8.900202,-9.323575,-7.987542
14135,2,0,Ventricular,Normal,-4.372472,-10.716438,-10.631035,-14.797631,-11.974424
14163,2,0,Ventricular,Normal,-6.200504,-9.905622,-7.151651,-12.365970,-10.584436
14205,2,0,Ventricular,Normal,-7.478680,-15.695332,-9.889803,-11.439723,-10.044506
14232,2,4,Ventricular,Unknown,-9.067097,-16.028730,-8.624656,-9.054935,-7.433764
14233,2,4,Ventricular,Unknown,-9.201633,-14.992749,-8.838212,-7.705425,-6.318187
14236,0,1,Normal,Supraventricular,-0.011771,0.633245,-3.684793,-5.213027,-6.125796
14240,2,3,Ventricular,Fusion,-4.675799,-12.355747,-4.782818,-3.359159,-4.915967
14287,4,0,Unknown,Normal,0.364381,-5.802475,-6.773348,-5.639507,-0.216800
14332,2,0,Ventricular,Normal,-2.481725,-12.721198,-2.748607,-6.249653,-5.092119
14361,2,4,Ventricular,Unknown,-8.593865,-16.017559,-7.308290,-8.194058,-5.912114
14387,2,0,Ventricular,Normal,-4.845461,-19.289095,-13.100738,-18.515892,-15.148503
14398,2,4,Ventricular,Unknown,-8.331621,-15.264712,-8.034652,-7.523162,-5.758167
14424,2,0,Ventricular,Normal,-6.995392,-8.637957,-9.858105,-14.397758,-11.467911
14426,0,4,Normal,Unknown,-2.393929,-26.498835,-17.057554,-7.547745,-2.054837
14451,2,4,Ventricular,Unknown,-10.509838,-14.367474,-7.608891,-9.070258,-7.452691
14464,0,2,Normal,Ventricular,-2.123985,-6.422119,-1.408430,-4.442260,-9.288556
14467,0,4,Normal,Unknown,-3.615422,-8.662465,-10.968344,-5.097293,-2.492588
14475,2,0,Ventricular,Normal,-6.089444,-8.853361,-7.780581,-14.194773,-12.090022
14477,2,0,Ventricular,Normal,-7.043370,-9.842294,-9.201851,-13.617255,-11.284451
14507,1,3,Supraventricular,Fusion,-7.217088,-2.995125,-11.129238,-2.004115,-9.778350
14509,4,0,Unknown,Normal,2.401954,-11.313565,-6.978025,-5.433326,-2.034012
14512,0,4,Normal,Unknown,-3.964503,-13.697624,-10.465326,-5.857911,-3.699808
14517,2,4,Ventricular,Unknown,-9.924957,-15.769197,-9.226960,-8.105189,-6.763289
14523,1,3,Supraventricular,Fusion,-9.142906,-2.924825,-11.482038,-2.280143,-9.588248
14541,2,0,Ventricular,Normal,-10.665621,-14.081855,-14.332872,-12.129382,-12.932441
14550,0,1,Normal,Supraventricular,-5.262743,-3.141614,-7.507507,-7.274574,-7.269772
14588,2,0,Ventricular,Normal,-3.880227,-11.284681,-10.025736,-13.889317,-11.569129
14590,3,0,Fusion,Normal,0.900800,-8.113785,-11.165945,-0.267903,-1.203607
14620,2,0,Ventricular,Normal,-5.835743,-11.389531,-7.471206,-12.963544,-10.099872
14625,2,4,Ventricular,Unknown,-10.534665,-17.097317,-10.379588,-10.009595,-7.768435
14632,0,1,Normal,Supraventricular,-5.577156,-4.378904,-8.961087,-6.352650,-5.104681
14637,2,4,Ventricular,Unknown,-8.740401,-14.774064,-8.940396,-7.368538,-7.189034
14647,2,3,Ventricular,Fusion,-8.735696,-10.533151,-11.775882,-7.603808,-10.316423
14657,2,0,Ventricular,Normal,-7.396304,-14.229335,-9.394939,-8.719123,-7.899488
14679,2,4,Ventricular,Unknown,-9.288355,-16.950407,-6.420527,-8.070990,-5.591892
14682,2,4,Ventricular,Unknown,-10.903480,-16.166245,-10.065650,-9.437730,-7.441150
14686,0,1,Normal,Supraventricular,-6.421816,-2.870411,-8.538242,-8.254341,-7.201791
14695,2,0,Ventricular,Normal,-3.613608,-12.180567,-7.242075,-11.206250,-7.265241
14709,0,1,Normal,Supraventricular,-5.768888,-4.189600,-7.487798,-7.414707,-6.634156
14729,3,1,Fusion,Supraventricular,-6.134124,-2.799661,-15.791014,-4.801596,-5.217691
14743,2,4,Ventricular,Unknown,-8.437476,-17.903223,-9.135863,-8.436091,-6.985936
14750,0,4,Normal,Unknown,-2.722238,-7.795718,-4.381701,-5.114918,-1.846667
14756,2,4,Ventricular,Unknown,-8.065208,-13.672735,-8.329991,-8.389325,-7.207128
14787,1,3,Supraventricular,Fusion,-8.637039,-5.219946,-14.115060,-1.294195,-8.102807
14808,2,0,Ventricular,Normal,-0.525101,-6.685848,-7.561283,-3.018332,-6.192841
14840,0,4,Normal,Unknown,-6.238827,-15.392514,-7.391282,-7.057597,-6.029107
14849,0,1,Normal,Supraventricular,-4.634308,-4.040465,-6.577315,-7.767846,-6.613779
14866,0,3,Normal,Fusion,-4.390371,-8.492281,-16.252752,-3.629338,-6.740363
14871,2,0,Ventricular,Normal,-3.687729,-15.819143,-7.997368,-12.733062,-6.766280
14888,4,0,Unknown,Normal,-1.081461,-13.774480,-12.587221,-7.807853,-4.838737
14960,3,0,Fusion,Normal,1.807474,-18.063046,-24.987516,1.568606,-5.242667
