9.375000
11.296875
13.000000
10.890625
7.500000
6.031250
5.500000
5.671875
5.625000
5.765625
6.187500
6.718750
7.296875
7.031250
13.203125
3.875000
5.203125
0.000000
0.000000
0.000000
4.781250
14.390625
21.265625
29.984375
28.390625
16.265625
10.359375
8.531250
5.031250
12.187500
17.656250
23.734375
25.671875
17.250000
18.171875
21.890625
21.265625
25.046875
9.750000
5.562500
0.000000
0.000000
0.000000
0.000000
0.000000
0.000000
0.000000
0.000000
0.000000
0.000000
0.000000
0.000000
0.000000
0.000000
0.000000
0.000000
0.000000
2.625000
21.437500
44.546875
48.281250
45.437500
40.078125
26.750000
13.796875
7.140625
0.000000
0.000000
0.015625
0.000000
0.000000
0.000000
0.000000
0.000000
0.000000
0.000000
0.000000
0.000000
0.000000
0.000000
0.000000
0.000000
0.000000
3.312500
7.531250
9.140625
10.328125
10.109375
10.859375
11.937500
11.421875
10.703125
11.296875
14.468750
13.843750
0.000000
0.000000
0.000000
0.000000
0.000000
0.000000
0.000000
0.000000
0.000000
1.546875
1.656250
2.656250
3.812500
0.000000
0.000000
0.000000
0.000000
2.093750
10.703125
16.000000
10.078125
0.000000
0.078125
0.000000
0.000000
0.000000
0.000000
0.000000
0.000000
0.000000
0.000000
0.000000
0.000000
0.000000
0.000000
0.000000
0.000000
0.000000
0.000000
0.000000
0.000000
0.000000
0.000000
0.000000
0.000000
0.000000
0.000000
0.000000
0.000000
0.000000
0.000000
0.000000
0.000000
0.000000
0.000000
0.000000
0.000000
0.000000
0.000000
0.000000
0.000000
0.000000
0.000000
0.000000
0.000000
