0009
002d
0065
0045
0004
0003
0000
0002
0000
0000
0000
0008
0012
0006
000a
000b
0009
000a
0008
000d
0006
000c
0010
000f
000b
000a
000f
000e
0008
0008
0006
0003
0007
0002
0006
0002
0006
000e
000b
0007
000b
0006
0006
0007
0001
0000
0000
0002
0003
0005
0001
0000
0000
0001
0003
0000
0000
0000
0000
0000
0000
0000
0000
0000
0000
0000
0000
0000
0000
0000
0006
0005
000d
0009
0000
0000
0013
008e
00f2
011b
0140
0160
0180
013f
00f7
00b6
0052
0000
0000
0000
0000
0000
0000
0000
0002
0003
0002
000c
0000
0000
0000
0003
0005
0005
0000
0000
0000
0000
0000
0000
0000
0000
0000
0000
0000
0000
0000
0000
0000
0000
0000
0000
0000
0000
0000
0000
0000
0000
0000
0000
0000
0000
0000
0000
0000
0000
0000
0000
0000
0000
0000
0000
0000
0000
0000
0000
0000
0000
0000
0000
0000
0000
0000
0000
0000
0000
000f
0000
0000
0000
