0.000000
0.000000
0.218750
0.000000
0.093750
0.375000
0.281250
0.546875
0.515625
0.265625
0.453125
0.296875
0.281250
0.593750
0.593750
0.437500
0.500000
0.421875
0.218750
0.375000
0.312500
0.250000
0.437500
0.546875
0.234375
0.421875
0.140625
0.078125
0.546875
0.500000
0.468750
0.515625
0.328125
0.000000
0.000000
0.000000
1.406250
0.000000
0.000000
0.750000
0.000000
0.000000
0.000000
0.000000
0.000000
0.000000
0.000000
0.000000
0.000000
0.000000
0.000000
0.000000
0.000000
0.000000
0.000000
0.000000
0.000000
0.000000
0.000000
0.000000
0.000000
0.000000
0.000000
0.000000
0.000000
0.000000
0.000000
0.000000
0.000000
0.250000
0.578125
0.031250
0.000000
0.000000
0.000000
0.000000
0.000000
0.000000
1.171875
0.000000
2.921875
1.203125
2.781250
4.484375
2.796875
2.265625
2.453125
2.406250
2.343750
2.437500
2.562500
2.625000
2.765625
2.625000
2.468750
2.656250
2.687500
2.765625
2.953125
2.828125
2.812500
2.890625
2.906250
2.984375
3.125000
3.062500
3.234375
3.187500
3.031250
3.281250
3.296875
3.078125
3.250000
3.406250
3.015625
1.828125
0.796875
2.328125
10.125000
10.343750
6.390625
0.000000
0.000000
0.078125
7.625000
4.828125
3.953125
3.796875
3.937500
4.390625
5.062500
4.828125
4.812500
4.671875
4.531250
4.234375
5.109375
5.375000
5.609375
6.015625
5.812500
5.359375
5.437500
6.859375
7.718750
7.890625
7.296875
5.812500
4.640625
4.125000
3.781250
4.187500
4.734375
4.546875
4.703125
4.875000
3.156250
4.203125
3.093750
1.734375
1.937500
4.218750
4.406250
7.984375
9.906250
10.500000
10.875000
11.015625
11.359375
11.421875
11.203125
11.890625
12.140625
12.312500
12.687500
12.687500
12.531250
12.593750
13.250000
13.421875
13.750000
13.984375
13.781250
14.171875
14.890625
14.765625
15.484375
15.531250
14.687500
15.562500
15.843750
15.390625
15.671875
15.625000
14.875000
13.437500
8.328125
0.000000
0.000000
0.828125
15.500000
13.859375
7.765625
4.312500
9.046875
14.734375
18.046875
18.515625
18.640625
18.828125
20.000000
21.187500
21.625000
22.312500
23.359375
23.140625
23.781250
25.031250
24.937500
26.421875
28.640625
29.234375
27.765625
25.093750
22.093750
20.890625
21.140625
21.875000
22.718750
23.171875
22.781250
23.015625
22.765625
21.375000
21.296875
22.734375
21.250000
18.953125
10.671875
1.296875
1.312500
0.718750
0.578125
0.781250
0.656250
0.578125
0.593750
0.625000
0.718750
0.640625
0.593750
0.703125
0.625000
0.703125
0.781250
0.703125
0.687500
0.734375
0.562500
0.671875
0.828125
0.781250
0.734375
0.781250
0.609375
0.609375
0.765625
0.781250
0.781250
0.968750
0.703125
0.796875
0.875000
0.640625
0.640625
1.203125
5.453125
11.234375
10.390625
4.218750
4.125000
15.046875
19.593750
11.718750
0.468750
0.843750
0.734375
0.703125
0.718750
0.656250
0.656250
0.671875
0.734375
0.906250
0.968750
0.796875
0.937500
0.765625
0.703125
1.015625
1.000000
1.125000
1.359375
1.484375
1.296875
1.390625
1.171875
1.125000
1.218750
1.234375
1.046875
1.218750
1.109375
1.109375
1.234375
0.984375
0.734375
2.437500
6.140625
10.984375
