0043
0027
0012
002d
0025
0021
0034
0028
0028
0032
0028
0025
0034
002d
002d
0031
0030
0025
0031
0035
002d
0037
0033
002f
0035
0035
002f
0041
002f
002b
0043
0034
002f
0035
0032
004a
0036
0000
0000
000a
005d
00b2
0000
0000
0035
0036
003b
0049
0040
0038
0045
004c
004c
0042
0053
0051
0046
005b
005c
0046
0062
0078
005b
0053
0042
002a
003f
0041
0051
005a
004e
0048
005d
0046
0039
004a
004e
0074
0053
0000
004f
0090
003b
002a
0028
002f
0045
0034
003b
0042
0039
0044
0049
0041
0042
0043
0040
003f
004e
004c
004a
004e
0042
0046
0050
0046
004e
004f
003b
0044
004f
0044
0048
004f
004a
0076
0051
0000
007a
010a
01ba
0185
0116
00cb
0069
0065
0072
007e
0083
007c
008d
0099
0087
0081
0097
008e
0097
00b4
00a2
0098
00b8
00b0
00a1
0097
008a
007f
0083
0073
0076
0075
0065
0071
007d
0065
0069
0073
0065
00ad
005b
0000
0014
0000
0000
0000
0000
0000
0000
0000
0000
0000
0000
0000
0000
0000
0000
0000
0000
0000
0000
0000
0000
0000
0000
0000
0000
0000
0000
0000
0000
0000
0000
0000
0000
0000
0000
0000
0000
0000
0033
0141
0144
016f
0000
0000
0000
0000
0000
0000
0000
0000
0000
0000
0000
0000
0000
0000
0000
0000
0000
0000
0000
0000
0000
0000
0000
0000
0000
0000
0000
0000
0000
0000
0000
0000
0000
0000
0000
0000
0000
0000
0068
0000
0000
0000
0000
0000
0000
0000
0000
0000
0000
0000
0000
0000
0000
0000
0000
0000
0000
0000
0000
0000
0000
0000
0000
0000
0000
0000
0000
0000
0000
0000
0000
0000
0000
0000
0000
0000
0000
0095
0112
0106
0000
0000
0000
0000
0000
0000
0000
0000
0000
0000
0000
0000
0000
0000
0000
0000
0000
0000
0000
0000
0000
0000
0000
0000
0000
0000
0000
0000
0000
0000
0000
0000
0000
0000
0000
0000
0000
0000
