0226
0079
00d5
0224
0231
033c
036f
0385
0402
03e3
03cf
045f
0479
0558
07c8
0894
0c4c
0bc4
10f1
0e30
0b92
052d
0461
0000
0000
0083
0112
038a
0480
04a5
0329
010e
04f1
08b9
0994
08d3
08fb
0741
034c
0904
0040
0066
002a
0178
0142
0048
0000
0000
0000
0000
0000
0000
0000
0000
0000
0000
0000
0000
0000
0000
0000
0000
0000
0000
0000
0000
0000
0000
0000
0000
0000
0000
0000
0000
0000
0000
0000
0000
0000
01ff
0000
0000
0000
0000
0000
0000
0000
0000
0000
0000
0000
0000
0000
0000
0000
0000
0000
0000
0000
0000
0000
0000
0000
0000
0000
0000
0000
0000
0000
0000
0000
0000
0000
0000
0000
0000
0000
0000
0000
0625
00ef
00dd
01cc
00af
0000
0000
0071
00c1
00a5
0053
0068
00d0
009c
003d
0000
0000
0073
0000
0000
0000
005c
027c
037d
0000
0000
0000
0000
0032
0000
0068
0064
0000
0000
0000
0000
0000
0000
045e
056d
0542
0202
0330
03ad
01bc
0000
0000
0000
0000
0000
0000
0000
0000
0000
0000
0000
0000
0000
0000
028c
0710
0736
0bc8
0ca8
0cb4
0ab9
03e6
0233
00eb
00e9
04f9
0573
0205
0000
0000
0000
0000
00f7
058a
0000
0000
0056
0000
0000
0250
0313
032e
026c
02a9
0347
0318
028e
02a1
02f2
0403
0565
0000
0000
0000
0000
0000
0000
0000
0000
0000
0000
0000
0000
008b
0000
0000
0000
0000
02c9
0523
037b
0149
0000
0000
0000
0969
02d1
0214
0083
0035
0000
0000
0000
0000
0000
0000
0000
0000
0000
0000
0000
0000
0000
00e3
0232
0539
0995
08af
0a19
0be0
04ce
0200
022e
01e5
0285
0575
0337
0000
0000
0000
0000
0000
01a6
0000
0000
01ab
01c4
0189
010d
0036
00cb
01fc
022e
0243
0283
02df
0378
0382
0361
0448
07ac
03ee
0284
0000
0000
0000
0000
0000
0000
0000
0000
0000
0107
03be
043d
037b
0443
03d2
00d2
0000
0000
0505
025c
0000
0000
0000
