0.000000
0.000000
0.000000
0.000000
0.000000
0.000000
0.000000
0.000000
0.000000
0.000000
0.000000
0.000000
0.000000
0.000000
0.000000
0.000000
0.000000
0.000000
3.875000
0.000000
0.968750
5.921875
0.000000
0.000000
0.000000
0.000000
0.000000
0.000000
0.000000
0.000000
0.000000
0.000000
0.000000
0.000000
0.000000
0.000000
0.000000
0.000000
0.000000
0.000000
0.000000
0.000000
0.000000
0.000000
0.000000
0.000000
0.000000
0.000000
0.000000
0.000000
0.000000
0.000000
0.000000
0.000000
0.000000
0.000000
0.000000
0.000000
0.000000
0.000000
0.000000
0.000000
0.000000
0.000000
0.000000
0.000000
0.000000
0.000000
0.000000
0.000000
0.000000
0.000000
0.000000
0.000000
0.000000
0.000000
0.000000
0.000000
0.000000
0.000000
7.500000
4.468750
1.953125
1.609375
1.593750
2.031250
1.781250
1.546875
1.968750
2.265625
2.265625
2.250000
2.234375
2.390625
2.187500
1.328125
0.968750
2.984375
8.437500
27.703125
40.609375
32.140625
18.296875
4.546875
5.031250
5.484375
4.796875
5.015625
6.437500
6.125000
4.406250
6.203125
7.937500
6.000000
3.703125
3.265625
2.750000
1.109375
5.796875
5.437500
2.062500
0.406250
0.000000
0.000000
0.000000
0.000000
0.000000
0.000000
0.000000
0.000000
0.000000
0.000000
0.000000
0.000000
0.000000
0.000000
0.000000
0.000000
4.984375
0.000000
0.000000
11.609375
0.000000
0.000000
0.000000
0.000000
0.000000
0.000000
0.000000
0.000000
0.000000
0.000000
0.000000
0.000000
0.000000
0.000000
0.000000
0.000000
0.000000
7.156250
0.000000
0.000000
0.000000
0.000000
0.000000
0.000000
0.000000
0.000000
0.000000
0.000000
0.000000
0.000000
0.000000
0.000000
0.000000
0.000000
0.000000
0.000000
1.468750
0.000000
5.421875
0.000000
0.000000
0.000000
0.000000
0.000000
0.000000
0.000000
0.000000
0.000000
0.000000
0.000000
0.000000
0.000000
0.000000
0.000000
0.000000
0.000000
0.781250
7.562500
0.000000
0.546875
0.000000
0.000000
0.000000
0.000000
0.000000
0.000000
0.000000
0.000000
0.000000
0.000000
0.000000
0.000000
0.000000
0.000000
0.000000
0.000000
0.000000
0.000000
0.000000
2.890625
0.328125
0.000000
0.000000
0.000000
0.000000
0.000000
0.000000
0.000000
0.000000
0.000000
0.000000
0.000000
0.000000
0.000000
0.000000
0.000000
0.000000
0.671875
0.000000
0.000000
0.000000
0.000000
0.000000
0.000000
0.000000
0.000000
0.000000
0.000000
0.000000
0.000000
0.000000
0.000000
0.000000
0.000000
0.000000
0.000000
0.000000
0.000000
0.000000
2.515625
0.000000
0.000000
0.000000
0.000000
0.000000
0.000000
0.000000
0.000000
0.000000
0.281250
0.000000
0.000000
0.000000
0.000000
0.000000
0.000000
0.000000
0.000000
0.640625
2.375000
1.687500
2.156250
1.906250
2.046875
2.375000
2.281250
2.234375
2.343750
2.359375
2.625000
2.906250
2.906250
3.125000
2.828125
3.265625
6.765625
6.515625
6.234375
0.000000
1.750000
0.812500
2.265625
3.265625
3.703125
4.125000
4.046875
4.437500
5.156250
5.828125
5.953125
5.906250
4.531250
3.859375
4.421875
4.218750
5.531250
8.828125
7.687500
1.296875
0.000000
0.765625
0.328125
0.625000
0.375000
0.406250
0.890625
0.562500
0.609375
0.765625
0.656250
0.953125
1.296875
0.968750
1.437500
1.750000
6.140625
10.796875
0.000000
4.328125
1.328125
0.000000
2.156250
1.171875
1.078125
1.359375
2.093750
1.671875
1.718750
3.171875
4.656250
2.781250
1.578125
1.781250
2.468750
2.703125
2.234375
8.484375
8.093750
1.859375
1.328125
0.796875
1.156250
1.015625
1.218750
1.312500
1.234375
1.218750
1.703125
1.656250
1.578125
2.156250
2.312500
1.968750
1.750000
2.625000
8.546875
5.437500
8.625000
11.937500
0.000000
0.000000
2.328125
3.375000
3.984375
4.375000
4.468750
5.031250
5.109375
6.453125
5.734375
2.890625
2.500000
3.296875
4.093750
3.406250
4.921875
10.625000
0.000000
3.421875
0.000000
0.171875
0.000000
0.000000
0.000000
0.000000
0.000000
0.000000
0.000000
0.000000
0.000000
0.000000
0.000000
0.000000
0.000000
0.000000
0.000000
0.000000
0.000000
10.140625
0.000000
4.281250
0.000000
0.000000
0.000000
0.000000
0.000000
0.000000
0.000000
0.000000
0.000000
0.000000
0.000000
0.000000
0.000000
0.000000
0.000000
0.000000
0.000000
2.125000
0.000000
2.375000
2.625000
3.000000
2.609375
3.187500
3.546875
3.265625
3.703125
3.953125
3.609375
4.562500
5.656250
5.078125
6.171875
8.156250
15.093750
12.609375
0.000000
9.953125
6.000000
6.453125
8.296875
7.265625
7.890625
9.265625
9.890625
9.812500
10.250000
17.312500
20.421875
16.609375
10.828125
9.390625
10.015625
11.171875
13.359375
20.875000
15.187500
0.578125
3.890625
2.609375
2.031250
1.953125
2.203125
2.187500
2.250000
2.234375
2.328125
2.437500
2.281250
2.562500
2.953125
3.156250
3.062500
2.937500
1.062500
3.828125
8.609375
10.437500
14.281250
9.781250
2.984375
2.593750
2.906250
3.015625
2.656250
2.781250
3.734375
5.125000
8.390625
10.656250
8.140625
4.328125
3.984375
4.656250
4.312500
4.937500
9.046875
0.000000
0.000000
0.000000
0.000000
0.000000
0.000000
0.000000
0.000000
0.000000
0.000000
0.000000
0.000000
0.000000
0.000000
0.000000
0.000000
0.000000
2.593750
12.515625
0.000000
0.000000
13.718750
0.000000
0.000000
0.000000
0.000000
0.000000
0.000000
0.000000
0.000000
0.000000
3.062500
0.781250
0.000000
0.000000
0.000000
0.000000
0.000000
5.312500
10.187500
0.000000
0.000000
0.000000
0.000000
0.000000
0.000000
0.000000
0.000000
0.000000
0.000000
0.000000
0.000000
0.000000
0.000000
0.000000
0.000000
0.000000
0.000000
4.187500
3.718750
0.000000
2.484375
0.000000
0.000000
0.000000
0.000000
0.000000
0.000000
0.000000
0.000000
0.000000
0.000000
0.000000
0.000000
0.000000
0.000000
0.000000
0.000000
0.000000
9.078125
0.000000
0.000000
0.000000
0.000000
0.000000
0.000000
0.000000
0.000000
0.000000
0.000000
0.031250
0.000000
0.000000
0.000000
0.000000
0.000000
0.437500
0.000000
0.000000
10.671875
14.375000
2.218750
0.468750
0.578125
0.937500
1.265625
1.484375
1.250000
1.484375
1.796875
0.375000
0.000000
0.000000
0.000000
0.031250
0.000000
0.000000
0.000000
0.000000
0.000000
