000e
0000
0000
0000
0000
0000
0000
0000
0001
0000
0000
0000
0000
0000
0001
0000
0000
0000
0000
0000
0000
0000
0000
0000
0000
0000
0000
0000
0000
0000
0000
0000
0001
0001
0001
0001
0001
0000
0000
0000
0000
0000
0000
0000
0002
0002
0000
0000
0002
0001
0001
0000
0000
0000
0000
0001
0002
0001
0000
0000
0000
0001
0002
0002
0001
0001
0002
0001
0002
0001
0001
0000
0002
0005
0003
0000
0000
0000
0000
0000
0000
0000
0010
0019
000c
0001
0000
0002
0002
0003
0002
0003
0002
0002
0003
0003
0003
0003
0004
0004
0004
0003
0003
0005
0004
0005
0005
0004
0003
0005
0005
0005
0005
0004
0004
0005
0006
0007
0005
0005
0005
0005
0007
0006
0006
0004
0005
0006
0005
0004
0003
0003
0002
0002
0002
0004
0002
0003
0003
0004
0005
0004
0003
0003
0003
0003
0005
0004
0001
0002
0003
0004
0004
0003
0002
0002
0002
0003
000c
0000
0017
000e
000e
000d
000d
000e
000d
000e
000e
000e
000e
000d
000f
0010
0012
0011
0011
0011
0011
0011
0011
0010
0010
0010
0011
0012
0013
0012
0012
0012
0012
0013
0014
0014
0014
0014
0013
0013
0014
0015
0014
0014
0014
0015
0015
0015
0015
0015
0015
0016
0017
0016
0016
0016
0016
0017
0018
0016
0017
0016
0016
0016
0018
0018
0016
0017
0016
0018
0019
0018
0017
001a
001b
0019
0011
0000
0000
0000
0000
0000
0000
0007
0021
0030
0028
001c
001b
001d
001f
001e
001d
001f
001e
001e
001f
0021
0020
0021
0021
0022
0022
0023
0025
0026
0026
0026
0027
0026
0028
0029
0029
002a
0029
0029
0029
002b
002d
002f
002f
002f
002f
0031
0032
0032
0032
0031
0031
0030
002f
002d
0028
0027
0026
0025
0025
0025
0024
0022
0023
0024
0025
0024
0021
0021
0023
0025
0026
0022
0021
0020
0020
0020
0021
0022
0022
0022
0023
0023
0016
0000
0013
0007
0007
0007
0007
0006
0006
0007
0007
0007
0007
0007
0008
0008
0008
0008
0007
0008
0008
0009
0008
0006
0005
0006
0008
000a
0009
0008
0007
0008
0008
0009
0008
0009
0008
0009
0008
0009
0008
0008
0008
0008
0008
000a
000b
0008
0009
000a
0009
0009
0009
0009
0009
0009
000a
000b
0009
0006
0007
0008
000b
000b
000a
0009
0008
0008
0008
000b
000a
0009
0009
000b
000d
0005
0000
0000
0000
0000
0000
0000
0014
0034
0043
002f
0010
0004
0007
000e
000d
000c
000c
000c
000b
000c
000e
000e
000f
000e
000f
000d
000e
000f
000e
000f
0011
0010
000f
000e
000f
0011
0011
000f
000f
0010
0011
0014
0014
0013
0011
0011
0013
0015
0014
0014
0013
0010
0010
000e
000f
000b
0009
0009
0009
000b
000b
0009
000a
000b
000c
000e
000d
000c
000c
000b
000d
000f
000d
000c
0009
000b
000c
000d
000d
000e
000c
000d
000d
000d
0000
0000
0000
0000
0000
0000
0000
0000
0000
0000
0000
0000
0000
0000
0000
0000
0000
0000
0000
0000
0000
0000
0000
0000
0000
0000
0000
0000
0000
0000
0000
0000
0000
0000
0000
0000
0000
0000
0000
0000
0000
0000
0000
0000
0000
0000
0000
0000
0000
0000
0000
0000
0000
0000
0000
0000
0000
0000
0000
0000
0000
0000
0000
0000
0000
0000
0000
0000
0000
0000
0000
0000
0000
0000
0000
0000
0000
000a
0027
0039
0037
0024
0009
0000
0000
0000
0000
0000
0000
0000
0000
0000
0000
0000
0000
0000
0000
0000
0000
0000
0000
0000
0000
0000
0000
0000
0000
0000
0000
0000
0000
0000
0000
0000
0000
0000
0000
0000
0000
0000
0000
0000
0000
0000
0000
0000
0000
0000
0000
0000
0000
0000
0000
0000
0000
0000
0000
0000
0000
0000
0000
0000
0000
0000
0000
0000
0000
0000
0000
0000
0000
0000
0000
0000
0000
0000
0000
0000
0000
0000
0000
0025
