1.046875
1.593750
1.437500
1.421875
1.359375
1.390625
1.328125
1.312500
1.359375
1.375000
1.406250
1.296875
1.359375
1.437500
1.531250
1.531250
1.484375
1.515625
1.453125
1.531250
1.625000
1.562500
1.531250
1.515625
1.593750
1.656250
1.718750
1.718750
1.671875
1.671875
1.687500
1.687500
1.765625
1.781250
1.750000
1.828125
1.781250
1.828125
1.921875
1.937500
1.937500
1.937500
1.921875
1.921875
1.968750
1.984375
1.984375
1.968750
1.921875
2.015625
2.109375
2.125000
2.093750
2.062500
2.093750
2.140625
2.218750
2.156250
2.062500
2.015625
2.062500
2.140625
2.203125
2.187500
2.140625
2.109375
2.140625
2.171875
2.265625
2.234375
2.156250
2.234375
2.453125
2.562500
2.296875
1.234375
0.265625
0.000000
0.000000
0.000000
0.000000
0.250000
1.937500
3.328125
3.625000
2.953125
2.546875
2.609375
2.734375
2.812500
2.765625
2.828125
2.828125
2.828125
2.890625
3.031250
3.062500
3.046875
3.125000
3.140625
3.203125
3.203125
3.296875
3.468750
3.468750
3.546875
3.609375
3.531250
3.593750
3.656250
3.781250
3.828125
3.812500
3.796875
3.750000
3.968750
4.093750
4.250000
4.234375
4.140625
4.171875
4.296875
4.437500
4.515625
4.578125
4.546875
4.437500
4.406250
4.390625
4.218750
3.953125
3.750000
3.625000
3.546875
3.500000
3.375000
3.312500
3.265625
3.250000
3.296875
3.343750
3.343750
3.250000
3.187500
3.218750
3.281250
3.406250
3.359375
3.187500
3.125000
3.109375
3.125000
3.125000
3.203125
3.187500
3.156250
3.218750
3.703125
3.296875
0.000000
