0258
02d3
0340
02b9
01e0
0182
0160
016b
0168
0171
018c
01ae
01d3
01c2
034d
00f8
014d
0000
0000
0000
0132
0399
0551
077f
0719
0411
0297
0222
0142
030c
046a
05ef
066b
0450
048b
0579
0551
0643
0270
0164
0138
00cd
00bc
00c3
0081
00a8
0084
0085
0079
00d3
00f0
00a9
00bb
0159
03c7
069c
06d9
04b2
031a
0240
05b9
03a1
0253
003c
01b6
001d
0000
0000
01cd
0047
0000
0000
0000
004f
0145
0326
0229
00d4
0031
0000
0000
0000
0000
0000
0000
0000
0000
0000
0000
0000
0000
0000
0000
0000
0000
0000
0000
00a8
055c
0b23
0c12
0b5c
0a05
06b0
0373
01c9
0000
0000
0001
0000
0000
0000
0000
0000
0000
0000
0000
0000
0000
0000
00a4
00b4
0059
0000
0000
0000
0000
0000
0000
0000
0000
0000
0000
0000
0000
0000
0000
0000
0000
0000
0000
0165
0286
03ad
01f1
0000
0000
0010
0000
0324
0531
0432
0100
0000
0000
0000
0000
0000
0000
0000
0000
0000
0000
00d4
01e2
0249
0295
0287
02b7
02fc
02db
02ad
02d3
039e
0376
0000
0000
0000
0000
0000
0000
0000
0000
0000
0063
006a
00aa
00f4
0000
0000
0000
0000
0086
02ad
0400
0285
0000
0005
0000
0000
0000
0000
0000
0000
0000
0000
0000
0000
0000
0000
0000
0000
0000
0000
0000
0000
0000
0000
0000
0000
0000
0000
0000
0000
0000
0000
0000
0000
0000
0000
0000
0000
0000
0000
0000
0000
0000
0000
0000
0000
0000
0000
0000
0000
0000
0000
0000
0000
0000
0000
0000
0000
0000
0000
0000
0000
0000
0000
0000
0000
0000
0000
0000
0000
0000
0000
0000
0000
0000
0000
0000
0000
0000
0000
0000
0000
0000
0000
0000
0000
0147
020c
0242
021e
01c5
018a
01c5
01c5
01cf
01fd
01ee
0203
01fe
0245
0393
04cd
062b
07a6
09f6
0c73
0d31
0c71
09ad
0705
052a
0309
023c
0270
0274
023c
0343
036b
03a6
02b6
0314
04e0
04f3
0553
0676
04d9
