0.750000
0.640625
0.390625
0.359375
0.328125
0.312500
0.328125
0.359375
0.375000
0.375000
0.312500
0.328125
0.406250
0.484375
0.453125
0.437500
0.390625
0.390625
0.421875
0.468750
0.468750
0.437500
0.406250
0.421875
0.468750
0.484375
0.468750
0.421875
0.406250
0.421875
0.453125
0.453125
0.468750
0.437500
0.453125
0.437500
0.484375
0.515625
0.531250
0.500000
0.484375
0.468750
0.484375
0.500000
0.531250
0.515625
0.484375
0.484375
0.515625
0.546875
0.546875
0.515625
0.500000
0.515625
0.546875
0.546875
0.531250
0.453125
0.406250
0.468750
0.531250
0.562500
0.562500
0.531250
0.484375
0.515625
0.546875
0.593750
0.562500
0.515625
0.500000
0.578125
0.578125
0.328125
0.000000
0.000000
0.000000
0.000000
0.000000
0.000000
0.921875
2.046875
2.687500
2.343750
1.312500
0.625000
0.468750
0.609375
0.703125
0.671875
0.671875
0.640625
0.671875
0.687500
0.718750
0.750000
0.703125
0.718750
0.703125
0.703125
0.718750
0.750000
0.828125
0.843750
0.812500
0.796875
0.796875
0.765625
0.796875
0.828125
0.859375
0.859375
0.781250
0.765625
0.812500
0.921875
0.968750
0.906250
0.859375
0.828125
0.890625
1.000000
1.031250
1.000000
0.937500
0.859375
0.781250
0.796875
0.687500
0.578125
0.484375
0.500000
0.515625
0.531250
0.515625
0.531250
0.562500
0.609375
0.671875
0.703125
0.734375
0.656250
0.609375
0.640625
0.703125
0.781250
0.734375
0.625000
0.562500
0.578125
0.625000
0.640625
0.656250
0.656250
0.640625
0.640625
0.703125
0.250000
0.000000
0.000000
