1.843750
2.015625
2.046875
1.765625
1.187500
1.218750
1.187500
1.140625
1.156250
1.234375
1.328125
1.312500
1.296875
1.296875
1.328125
1.343750
1.359375
1.375000
1.359375
1.421875
1.453125
1.453125
1.421875
1.437500
1.484375
1.546875
1.546875
1.546875
1.562500
1.531250
1.515625
1.546875
1.562500
1.578125
1.671875
1.703125
1.703125
1.765625
1.765625
1.781250
1.796875
1.781250
1.765625
1.765625
1.734375
1.750000
1.781250
1.781250
1.828125
1.859375
1.921875
1.921875
1.937500
1.890625
1.921875
1.906250
1.890625
1.906250
1.937500
1.843750
1.875000
1.921875
1.921875
1.906250
1.937500
1.890625
1.875000
2.031250
2.171875
2.171875
2.140625
2.140625
2.078125
2.109375
2.125000
2.218750
1.812500
1.437500
2.125000
2.328125
1.968750
2.734375
3.796875
3.984375
3.734375
4.218750
3.578125
2.578125
2.531250
2.562500
2.609375
2.703125
2.718750
2.750000
2.812500
2.875000
2.906250
2.984375
2.984375
3.125000
3.125000
3.156250
3.250000
3.234375
3.296875
3.343750
3.390625
3.468750
3.484375
3.484375
3.515625
3.625000
3.687500
3.718750
3.812500
3.859375
3.937500
3.953125
4.000000
4.015625
4.062500
4.140625
4.171875
4.218750
4.171875
4.093750
4.125000
4.062500
4.046875
4.046875
3.937500
3.734375
3.546875
3.406250
3.312500
3.218750
3.109375
3.015625
2.953125
2.921875
2.953125
2.984375
3.015625
2.953125
2.890625
2.968750
2.968750
3.000000
3.015625
2.921875
2.828125
2.812500
2.875000
2.984375
2.984375
2.984375
3.156250
3.062500
2.968750
2.484375
1.750000
2.000000
2.125000
1.875000
1.687500
1.687500
1.640625
1.578125
1.625000
1.625000
1.718750
1.734375
1.796875
1.875000
1.875000
1.906250
1.906250
1.875000
1.921875
1.984375
2.000000
2.015625
1.968750
2.015625
2.078125
2.125000
2.125000
2.171875
2.140625
2.125000
2.156250
2.250000
2.265625
2.296875
2.296875
2.343750
2.421875
2.500000
2.515625
2.515625
2.515625
2.515625
2.531250
2.578125
2.578125
2.593750
2.578125
2.578125
2.656250
2.734375
2.750000
2.812500
2.828125
2.828125
2.859375
2.890625
2.875000
2.921875
2.875000
2.796875
2.843750
2.859375
2.906250
2.921875
2.921875
2.875000
2.906250
3.000000
3.062500
3.093750
3.078125
3.218750
3.203125
3.578125
4.484375
4.765625
4.218750
3.328125
2.765625
3.203125
3.437500
4.281250
5.609375
5.843750
5.687500
5.375000
4.500000
4.125000
3.859375
3.875000
3.906250
3.937500
3.968750
4.046875
4.187500
4.234375
4.343750
4.375000
4.421875
4.515625
4.546875
4.734375
4.890625
4.921875
5.031250
5.078125
5.125000
5.171875
5.218750
5.296875
5.375000
5.437500
5.484375
5.515625
5.765625
5.890625
6.046875
6.046875
6.125000
6.093750
6.234375
6.406250
6.500000
6.593750
6.593750
6.562500
6.500000
6.375000
6.296875
6.218750
5.984375
5.656250
5.328125
5.156250
4.921875
4.859375
4.703125
4.656250
4.609375
4.656250
4.656250
4.656250
4.687500
4.609375
4.656250
4.734375
4.734375
4.765625
4.640625
4.515625
4.359375
4.343750
4.453125
4.468750
4.515625
4.546875
4.890625
5.687500
6.593750
5.781250
