0.000000
2.046875
2.046875
0.250000
0.000000
0.000000
0.000000
0.109375
0.000000
0.234375
0.203125
0.000000
0.234375
0.265625
0.140625
0.187500
0.359375
0.078125
0.109375
0.484375
0.328125
0.406250
0.437500
0.093750
0.390625
0.453125
0.171875
0.812500
0.671875
0.000000
0.406250
0.562500
0.359375
0.312500
0.000000
1.031250
5.078125
7.281250
4.968750
0.000000
0.000000
9.218750
11.296875
7.375000
3.187500
1.421875
0.953125
1.453125
2.015625
1.859375
1.453125
2.203125
2.531250
1.953125
2.062500
2.640625
1.781250
2.546875
3.359375
2.250000
1.937500
2.843750
3.484375
3.687500
3.828125
2.843750
2.109375
1.484375
0.890625
1.140625
1.265625
0.781250
1.515625
1.906250
1.203125
0.859375
0.234375
1.187500
8.703125
8.687500
0.000000
0.000000
0.000000
0.000000
0.000000
0.000000
0.000000
0.000000
0.000000
0.000000
0.000000
0.000000
0.000000
0.000000
0.000000
0.000000
0.000000
0.000000
0.000000
0.000000
0.000000
0.000000
0.000000
0.000000
0.000000
0.000000
0.000000
0.000000
0.000000
0.000000
0.000000
0.000000
0.000000
0.000000
0.000000
0.000000
0.000000
0.000000
3.562500
4.468750
4.937500
3.968750
0.046875
0.000000
0.000000
0.000000
0.000000
0.000000
0.000000
0.000000
0.000000
0.000000
0.000000
0.000000
0.000000
0.000000
0.000000
0.000000
0.000000
0.000000
0.000000
0.000000
0.000000
0.000000
0.000000
0.000000
0.000000
0.000000
0.000000
0.000000
0.000000
0.000000
0.000000
0.000000
0.000000
0.000000
0.000000
0.000000
0.000000
0.000000
