0000
0000
000e
0000
0000
0000
0000
0000
0000
0000
0000
0000
0000
0000
0000
0000
0000
0000
0000
0000
0000
0000
0000
0000
0000
0000
0000
0000
0000
0000
0000
0000
0000
0000
0000
0000
005a
0000
0000
0030
0000
0000
0000
0000
0000
0000
0000
0000
0000
0000
0000
0000
0000
0000
0000
0000
0000
0000
0000
0000
0000
0000
0000
0000
0000
0000
0000
0000
0000
0000
0000
0000
0000
0000
0000
0000
0000
0000
004b
0000
0000
0000
0000
0000
0000
0000
0000
0000
0000
0000
0000
0000
0000
0000
0000
0000
0000
0000
0000
0000
0000
0000
0000
0000
0000
0000
0000
0000
0000
0000
0000
0000
0000
0000
0000
0000
0000
0017
003a
0000
0000
0000
0000
0000
0000
0000
0000
0000
0000
0000
0000
0000
0000
0000
0000
0000
0000
0000
0000
0000
0000
0000
0000
0000
0000
0000
0000
0000
0000
0000
0000
0000
0000
0000
0000
0000
0000
0000
0000
0061
0008
003f
0020
001f
0007
0015
0021
0018
001e
001e
0011
0023
0025
001d
0021
0021
0018
0010
001f
001c
001f
0025
001a
0017
001f
0018
0029
002d
0013
002c
0028
0019
0023
001b
001f
0039
0000
0000
0000
0035
0124
00d4
0057
0057
0021
0013
001d
001a
0018
0011
0021
002f
0024
0022
0033
001b
001d
003c
0022
002a
0044
004b
003f
0034
0013
0014
001b
0020
0033
003a
0024
0038
003c
0022
0026
002f
0032
0041
0000
0000
0000
002e
0011
0032
002a
0025
0026
0028
002e
0029
0026
002d
0028
002d
0032
002d
002c
002f
0024
002b
0035
0032
002f
0032
0027
0027
0031
0032
0032
003e
002d
0033
0038
0029
0029
0039
0008
0027
0000
0000
0020
0000
0017
0013
001e
0036
002f
002d
002e
002a
002a
002b
002f
003a
003e
0033
003c
0031
002d
0041
0040
0048
0057
005f
0053
0059
004b
0048
004e
004f
0043
004e
0047
0047
004f
003f
002f
0057
0006
0069
