1.000000
0.000000
0.000000
0.546875
0.250000
0.000000
0.000000
0.000000
0.000000
0.000000
0.000000
0.000000
3.843750
21.671875
12.687500
34.500000
23.203125
48.265625
55.812500
41.437500
48.812500
45.906250
34.156250
34.953125
39.625000
29.343750
27.312500
17.890625
4.546875
0.000000
0.000000
0.000000
0.000000
21.031250
34.656250
0.000000
0.000000
0.000000
0.000000
0.000000
1.265625
0.000000
0.000000
0.000000
0.000000
0.000000
0.000000
0.000000
0.000000
0.000000
0.000000
0.000000
0.000000
0.000000
0.000000
19.796875
21.875000
33.968750
38.562500
40.984375
53.171875
42.640625
44.515625
40.171875
13.750000
21.968750
20.296875
1.765625
0.000000
0.000000
0.000000
0.000000
0.000000
0.000000
4.390625
0.000000
0.000000
0.000000
1.937500
30.437500
0.000000
0.000000
0.000000
0.000000
0.000000
0.000000
4.703125
11.312500
16.375000
18.468750
17.437500
18.359375
34.609375
39.968750
33.328125
39.171875
31.906250
45.593750
63.828125
51.656250
53.265625
18.234375
5.437500
0.531250
0.000000
0.000000
0.765625
11.359375
9.328125
3.078125
0.000000
9.546875
26.140625
49.468750
52.609375
19.125000
0.000000
0.000000
5.843750
25.109375
3.640625
3.250000
3.046875
2.328125
4.156250
10.843750
13.218750
10.390625
10.531250
11.015625
12.125000
10.296875
0.156250
7.109375
14.796875
29.328125
30.171875
27.187500
10.046875
19.343750
0.000000
8.000000
12.000000
0.000000
9.515625
0.093750
0.218750
12.671875
16.906250
22.296875
25.312500
18.093750
13.765625
6.375000
25.109375
46.984375
56.468750
30.687500
15.250000
8.296875
