0.000000
0.000000
0.156250
1.125000
0.406250
0.000000
0.000000
0.000000
0.000000
0.000000
0.000000
0.078125
0.062500
0.000000
0.000000
0.000000
0.031250
0.156250
0.000000
0.000000
0.000000
0.000000
0.140625
0.109375
0.000000
0.000000
0.000000
0.015625
0.078125
0.031250
0.062500
0.000000
0.000000
0.000000
0.000000
0.031250
0.000000
0.000000
0.046875
0.000000
0.046875
0.156250
0.062500
0.015625
0.000000
0.000000
0.000000
0.093750
0.093750
0.000000
0.000000
0.000000
0.156250
0.203125
0.140625
0.000000
0.000000
0.000000
0.078125
0.171875
0.000000
0.000000
0.000000
0.000000
0.093750
0.093750
0.000000
0.000000
0.000000
0.296875
0.468750
0.421875
0.000000
0.000000
0.000000
0.000000
0.000000
0.000000
0.000000
0.000000
1.890625
1.781250
0.750000
1.265625
2.609375
3.265625
2.484375
0.703125
0.000000
0.000000
0.000000
0.078125
0.031250
0.000000
0.000000
0.000000
0.046875
0.000000
0.078125
0.031250
0.078125
0.171875
0.125000
0.187500
0.093750
0.015625
0.281250
0.156250
0.250000
0.093750
0.000000
0.000000
0.000000
0.312500
0.343750
0.250000
0.015625
0.000000
0.203125
0.234375
0.234375
0.218750
0.140625
0.109375
0.234375
0.250000
0.156250
0.078125
0.000000
0.000000
0.031250
0.093750
0.000000
0.000000
0.000000
0.000000
0.000000
0.000000
0.000000
0.000000
0.000000
0.000000
0.078125
0.203125
0.109375
0.000000
0.000000
0.015625
0.078125
0.125000
0.093750
0.000000
0.000000
0.109375
0.375000
0.703125
0.000000
0.000000
0.000000
0.000000
