0.093750
0.187500
0.171875
0.171875
0.156250
0.140625
0.156250
0.171875
0.171875
0.156250
0.171875
0.156250
0.156250
0.140625
0.140625
0.156250
0.171875
0.187500
0.187500
0.203125
0.203125
0.187500
0.203125
0.203125
0.203125
0.203125
0.203125
0.187500
0.203125
0.203125
0.203125
0.187500
0.187500
0.203125
0.203125
0.218750
0.218750
0.234375
0.234375
0.218750
0.218750
0.250000
0.218750
0.218750
0.203125
0.218750
0.218750
0.218750
0.187500
0.218750
0.218750
0.234375
0.250000
0.218750
0.203125
0.203125
0.218750
0.203125
0.203125
0.234375
0.203125
0.203125
0.218750
0.203125
0.203125
0.203125
0.218750
0.203125
0.218750
0.250000
0.218750
0.218750
0.187500
0.062500
0.000000
0.000000
0.000000
0.000000
0.000000
0.000000
0.109375
0.015625
0.031250
0.078125
0.156250
0.203125
0.250000
0.250000
0.265625
0.265625
0.250000
0.265625
0.265625
0.281250
0.296875
0.281250
0.312500
0.296875
0.296875
0.296875
0.312500
0.296875
0.312500
0.312500
0.312500
0.296875
0.296875
0.296875
0.343750
0.312500
0.296875
0.296875
0.343750
0.328125
0.328125
0.328125
0.281250
0.281250
0.312500
0.328125
0.359375
0.343750
0.359375
0.343750
0.328125
0.343750
0.328125
0.343750
0.265625
0.265625
0.281250
0.281250
0.265625
0.281250
0.265625
0.250000
0.265625
0.296875
0.281250
0.281250
0.281250
0.296875
0.281250
0.296875
0.281250
0.265625
0.265625
0.281250
0.281250
0.312500
0.296875
0.281250
0.281250
0.281250
0.296875
0.312500
0.203125
0.000000
0.000000
0.000000
0.281250
0.406250
0.421875
0.421875
0.421875
0.406250
0.375000
0.390625
0.390625
0.406250
0.406250
0.437500
0.437500
0.437500
0.453125
0.468750
0.453125
0.453125
0.468750
0.500000
0.500000
0.484375
0.500000
0.515625
0.531250
0.546875
0.562500
0.562500
0.562500
0.562500
0.546875
0.546875
0.562500
0.562500
0.562500
0.578125
0.593750
0.609375
0.625000
0.625000
0.640625
0.625000
0.625000
0.640625
0.640625
0.625000
0.609375
0.625000
0.625000
0.656250
0.656250
0.671875
0.687500
0.703125
0.703125
0.703125
0.687500
0.687500
0.687500
0.703125
0.703125
0.703125
0.687500
0.687500
0.687500
0.703125
0.718750
0.703125
0.687500
0.750000
0.765625
0.734375
0.718750
0.625000
0.500000
0.390625
0.765625
1.203125
1.453125
1.625000
1.531250
1.750000
1.468750
0.750000
0.812500
0.937500
0.906250
0.906250
0.937500
0.937500
0.937500
0.953125
0.968750
1.000000
1.031250
1.031250
1.046875
1.062500
1.078125
1.109375
1.140625
1.156250
1.140625
1.171875
1.187500
1.187500
1.218750
1.218750
1.281250
1.281250
1.296875
1.312500
1.312500
1.359375
1.390625
1.437500
1.437500
1.421875
1.421875
1.468750
1.484375
1.546875
1.578125
1.609375
1.562500
1.562500
1.531250
1.515625
1.531250
1.468750
1.406250
1.359375
1.312500
1.234375
1.218750
1.171875
1.171875
1.140625
1.093750
1.093750
1.093750
1.125000
1.125000
1.140625
1.125000
1.109375
1.093750
1.125000
1.125000
1.078125
1.046875
1.078125
1.078125
1.093750
1.125000
1.125000
0.968750
0.718750
0.312500
0.000000
