0.000000
1.718750
5.921875
5.796875
5.093750
3.468750
3.187500
3.375000
3.578125
3.250000
3.468750
3.750000
3.750000
3.656250
3.828125
3.718750
3.609375
3.843750
3.718750
3.562500
3.890625
4.218750
3.921875
4.468750
4.046875
3.718750
4.015625
4.031250
4.140625
4.546875
4.296875
3.187500
2.703125
0.359375
0.000000
0.000000
0.000000
0.000000
0.000000
0.000000
0.000000
0.000000
0.000000
3.484375
8.515625
8.921875
6.031250
3.296875
3.765625
3.765625
4.187500
4.437500
4.609375
4.328125
4.515625
3.828125
4.359375
5.000000
5.531250
5.671875
4.187500
2.062500
1.359375
1.515625
2.656250
4.046875
4.906250
5.031250
5.187500
4.953125
4.656250
4.484375
4.546875
4.234375
3.328125
0.093750
0.000000
0.000000
0.000000
0.000000
0.000000
0.000000
0.000000
0.000000
0.000000
0.000000
0.000000
0.000000
0.000000
0.000000
0.000000
0.000000
0.000000
0.000000
0.000000
0.000000
0.000000
0.000000
0.000000
0.000000
0.000000
0.000000
0.000000
0.000000
0.000000
0.000000
0.000000
0.000000
0.000000
0.000000
0.000000
0.000000
0.000000
0.000000
0.000000
0.000000
0.000000
0.000000
0.000000
0.000000
0.000000
0.000000
0.000000
0.000000
0.000000
0.000000
0.000000
0.000000
0.000000
0.000000
0.000000
0.000000
0.000000
0.000000
0.000000
0.000000
0.000000
0.000000
0.000000
0.000000
0.000000
0.000000
0.000000
0.000000
0.000000
0.000000
0.000000
0.000000
0.000000
0.000000
0.000000
0.000000
0.000000
0.000000
0.000000
0.000000
0.000000
0.000000
0.000000
0.000000
3.609375
0.203125
0.000000
0.000000
0.000000
0.000000
0.000000
0.000000
0.000000
0.000000
0.000000
0.000000
0.000000
0.000000
0.000000
0.000000
0.000000
0.000000
0.000000
0.000000
0.000000
0.000000
0.000000
0.000000
0.000000
0.000000
0.000000
0.000000
0.000000
0.000000
0.000000
0.000000
0.000000
0.000000
0.968750
3.859375
7.468750
4.843750
4.671875
14.734375
17.578125
18.281250
5.515625
0.000000
0.000000
0.000000
0.000000
0.000000
0.000000
0.000000
0.000000
0.000000
0.000000
0.000000
0.000000
0.000000
0.000000
0.000000
0.000000
0.000000
0.000000
0.000000
0.000000
0.000000
0.000000
0.000000
0.000000
0.000000
0.000000
0.000000
0.000000
0.000000
0.000000
0.000000
0.000000
0.000000
2.406250
7.250000
5.796875
5.531250
0.000000
0.000000
0.000000
0.937500
1.281250
0.421875
0.062500
0.000000
0.000000
0.000000
0.000000
0.109375
0.046875
0.000000
0.078125
0.000000
0.000000
0.000000
0.000000
0.000000
0.000000
0.000000
0.093750
0.140625
0.000000
0.000000
0.156250
0.046875
0.453125
0.890625
0.421875
0.000000
0.000000
0.000000
0.000000
0.000000
0.000000
0.000000
0.000000
0.000000
0.000000
0.000000
8.859375
19.203125
22.437500
10.640625
3.203125
0.000000
0.000000
0.000000
0.000000
0.000000
0.000000
0.000000
0.000000
0.000000
0.000000
0.000000
0.000000
0.000000
0.000000
0.171875
1.468750
3.640625
5.203125
6.109375
4.875000
3.609375
2.218750
0.828125
0.531250
0.828125
0.578125
0.359375
0.000000
0.000000
0.000000
0.515625
2.796875
8.234375
