4.078125
2.171875
1.187500
0.703125
0.250000
0.546875
0.531250
0.078125
0.437500
1.031250
0.750000
0.593750
0.718750
0.000000
0.000000
0.000000
0.000000
0.000000
0.000000
0.000000
0.000000
0.000000
3.156250
2.843750
3.000000
4.093750
3.015625
2.437500
4.250000
4.140625
0.000000
0.000000
0.000000
0.000000
0.000000
0.000000
0.000000
0.000000
0.000000
0.000000
0.578125
3.890625
2.609375
2.031250
1.953125
2.203125
2.187500
2.250000
2.234375
2.328125
2.437500
2.281250
2.562500
2.953125
3.156250
3.062500
2.937500
1.062500
3.828125
8.609375
10.437500
14.281250
9.781250
2.984375
2.593750
2.906250
3.015625
2.656250
2.781250
3.734375
5.125000
8.390625
10.656250
8.140625
4.328125
3.984375
4.656250
4.312500
4.937500
9.046875
2.234375
1.203125
2.609375
2.031250
2.203125
2.187500
2.093750
2.484375
2.296875
2.140625
2.359375
2.390625
2.218750
2.890625
2.968750
2.609375
2.109375
4.859375
6.453125
0.000000
7.421875
0.000000
0.000000
1.984375
1.093750
1.218750
1.640625
1.546875
1.468750
1.390625
1.656250
1.203125
1.750000
3.671875
3.640625
3.437500
3.000000
4.140625
5.890625
4.546875
0.000000
0.000000
0.000000
0.000000
0.000000
0.000000
0.000000
0.000000
0.000000
0.000000
0.000000
0.000000
0.000000
0.000000
0.000000
0.000000
0.000000
2.593750
12.515625
0.000000
0.000000
13.718750
0.000000
0.000000
0.000000
0.000000
0.000000
0.000000
0.000000
0.000000
0.000000
3.062500
0.781250
0.000000
0.000000
0.000000
0.000000
0.000000
5.312500
10.187500
0.000000
0.078125
0.000000
0.000000
0.000000
0.000000
0.000000
0.000000
0.000000
0.000000
0.000000
0.000000
0.000000
0.000000
0.000000
0.000000
0.000000
0.000000
12.375000
7.093750
0.750000
0.000000
1.515625
0.000000
0.000000
0.000000
0.000000
0.000000
0.000000
0.000000
0.000000
0.000000
0.000000
0.000000
0.000000
0.000000
0.000000
0.000000
0.000000
13.406250
0.000000
0.000000
0.000000
0.000000
0.000000
0.000000
0.000000
0.000000
0.000000
0.000000
0.000000
0.000000
0.000000
0.000000
0.000000
0.000000
0.000000
0.000000
4.187500
3.718750
0.000000
2.484375
0.000000
0.000000
0.000000
0.000000
0.000000
0.000000
0.000000
0.000000
0.000000
0.000000
0.000000
0.000000
0.000000
0.000000
0.000000
0.000000
0.000000
9.078125
0.000000
0.171875
1.750000
1.484375
1.968750
1.609375
1.656250
2.312500
1.796875
1.906250
2.359375
2.078125
2.281250
2.890625
2.390625
2.828125
4.671875
8.218750
11.453125
0.000000
3.765625
0.000000
0.000000
2.234375
2.093750
2.281250
2.906250
3.453125
3.046875
3.250000
5.203125
4.531250
1.375000
2.265625
3.593750
4.000000
4.031250
7.187500
11.234375
6.656250
0.000000
0.000000
0.000000
0.000000
0.000000
0.000000
0.000000
0.000000
0.000000
0.000000
0.031250
0.000000
0.000000
0.000000
0.000000
0.000000
0.437500
0.000000
0.000000
10.671875
14.375000
2.218750
0.468750
0.578125
0.937500
1.265625
1.484375
1.250000
1.484375
1.796875
0.375000
0.000000
0.000000
0.000000
0.031250
0.000000
0.000000
0.000000
0.000000
0.000000
