1.562500
1.406250
1.375000
1.343750
1.328125
1.343750
1.281250
1.312500
1.343750
1.343750
1.328125
1.296875
1.375000
1.453125
1.500000
1.468750
1.484375
1.468750
1.468750
1.578125
1.593750
1.531250
1.531250
1.546875
1.609375
1.656250
1.687500
1.671875
1.687500
1.671875
1.703125
1.703125
1.796875
1.734375
1.781250
1.828125
1.796875
1.890625
1.953125
1.937500
1.953125
1.953125
1.953125
1.984375
1.984375
2.015625
1.984375
1.968750
1.984375
2.093750
2.125000
2.109375
2.093750
2.093750
2.140625
2.203125
2.218750
2.109375
2.046875
2.078125
2.125000
2.218750
2.218750
2.187500
2.140625
2.171875
2.156250
2.234375
2.281250
2.234375
2.203125
2.406250
2.468750
2.296875
1.531250
0.281250
-0.375000
-0.531250
-0.265625
0.015625
0.234375
1.109375
2.390625
3.281250
3.203125
2.703125
2.656250
2.750000
2.859375
2.875000
2.843750
2.921875
2.890625
2.937500
3.015625
3.140625
3.140625
3.171875
3.250000
3.281250
3.312500
3.375000
3.500000
3.593750
3.625000
3.687500
3.703125
3.656250
3.812500
3.828125
3.968750
3.953125
3.921875
3.953125
4.031250
4.234375
4.343750
4.390625
4.359375
4.359375
4.437500
4.562500
4.640625
4.718750
4.734375
4.703125
4.593750
4.578125
4.484375
4.265625
3.984375
3.859375
3.718750
3.640625
3.562500
3.468750
3.406250
3.375000
3.406250
3.437500
3.453125
3.421875
3.343750
3.328125
3.390625
3.453125
3.484375
3.359375
3.265625
3.218750
3.218750
3.218750
3.250000
3.312500
3.265625
3.296875
3.359375
3.406250
1.593750
0.015625
-0.093750
-0.546875
-0.546875
-0.546875
-0.578125
-0.562500
-0.562500
-0.546875
-0.531250
-0.546875
-0.562500
-0.578125
-0.531250
-0.546875
-0.562500
-0.593750
-0.609375
-0.593750
-0.609375
-0.593750
-0.609375
-0.640625
-0.640625
-0.640625
-0.625000
-0.640625
-0.671875
-0.687500
-0.718750
-0.687500
-0.703125
-0.687500
-0.703125
-0.718750
-0.734375
-0.734375
-0.750000
-0.750000
-0.765625
-0.781250
-0.796875
-0.796875
-0.796875
-0.796875
-0.781250
-0.812500
-0.828125
-0.796875
-0.828125
-0.828125
-0.843750
-0.859375
-0.859375
-0.859375
-0.875000
-0.890625
-0.890625
-0.921875
-0.906250
-0.890625
-0.875000
-0.890625
-0.890625
-0.890625
-0.906250
-0.906250
-0.859375
-0.890625
-0.890625
-0.953125
-0.953125
-0.968750
-0.953125
-0.984375
-0.968750
-0.921875
-0.906250
-1.046875
-0.734375
-0.203125
0.375000
0.625000
0.656250
-0.218750
-0.968750
-1.281250
-1.218750
-1.125000
-1.140625
-1.156250
-1.187500
-1.187500
-1.203125
-1.218750
-1.218750
-1.250000
-1.296875
-1.328125
-1.328125
-1.390625
-1.359375
-1.406250
-1.421875
-1.421875
-1.515625
-1.500000
-1.546875
-1.562500
-1.593750
-1.578125
-1.609375
-1.640625
-1.671875
-1.687500
-1.734375
-1.703125
-1.765625
-1.781250
-1.875000
-1.890625
-1.859375
-1.859375
-1.859375
-1.937500
-1.984375
-2.046875
-2.015625
-1.984375
-2.000000
-1.984375
-1.890625
-1.796875
-1.718750
-1.656250
-1.625000
-1.578125
-1.515625
-1.484375
-1.468750
-1.437500
-1.437500
-1.468750
-1.468750
-1.437500
-1.421875
-1.421875
-1.406250
-1.468750
-1.484375
-1.421875
-1.390625
-1.390625
-1.390625
-1.390625
-1.421875
-1.421875
-1.421875
-1.437500
-1.343750
-1.750000
