2.796875
1.781250
0.812500
1.500000
2.609375
4.656250
4.515625
4.859375
4.265625
5.609375
7.218750
6.140625
6.437500
6.640625
7.921875
11.843750
0.000000
0.000000
0.000000
0.000000
6.609375
11.000000
0.000000
12.312500
2.875000
0.000000
0.265625
3.203125
7.453125
7.328125
0.000000
0.000000
0.000000
0.000000
5.421875
8.250000
8.562500
0.000000
0.000000
0.000000
0.000000
0.390625
0.000000
0.000000
0.000000
0.000000
0.000000
0.000000
0.000000
0.000000
0.000000
0.000000
0.000000
0.000000
0.000000
0.000000
23.234375
11.609375
28.281250
22.312500
1.593750
11.265625
0.000000
0.000000
0.000000
0.000000
0.109375
0.000000
4.578125
11.750000
7.515625
0.000000
0.000000
0.000000
0.000000
0.000000
3.281250
20.062500
4.921875
7.906250
0.000000
0.000000
0.000000
0.000000
0.000000
0.000000
0.000000
0.000000
0.000000
0.000000
0.000000
0.000000
0.000000
0.000000
0.000000
0.000000
13.859375
22.625000
28.375000
26.031250
7.406250
16.953125
0.000000
0.000000
0.031250
0.000000
0.000000
0.000000
0.000000
7.843750
0.000000
0.000000
0.000000
0.000000
0.000000
0.000000
0.000000
0.000000
0.000000
8.671875
0.765625
0.000000
0.000000
0.000000
0.000000
0.000000
0.000000
0.000000
0.000000
0.000000
0.000000
0.000000
0.000000
0.000000
0.000000
0.000000
0.000000
0.000000
0.000000
0.000000
0.515625
0.000000
0.000000
0.000000
0.000000
0.000000
0.000000
0.000000
0.000000
0.000000
0.000000
0.000000
0.000000
0.000000
0.000000
0.000000
0.000000
0.000000
0.000000
0.000000
3.781250
2.890625
3.828125
7.078125
5.812500
6.875000
5.312500
5.703125
6.515625
6.296875
6.937500
8.171875
7.937500
6.921875
7.703125
19.093750
22.656250
0.000000
19.921875
27.640625
21.109375
26.234375
22.593750
37.265625
27.875000
10.859375
3.828125
4.078125
8.140625
12.140625
9.359375
8.156250
13.859375
29.531250
34.093750
27.171875
35.218750
31.296875
6.203125
14.609375
6.734375
7.515625
8.468750
7.265625
3.281250
0.000000
0.000000
0.000000
0.000000
0.000000
0.000000
0.000000
0.234375
0.000000
0.000000
0.000000
0.000000
0.000000
0.000000
0.000000
4.500000
2.640625
29.421875
27.125000
6.343750
8.421875
0.921875
1.515625
0.000000
0.000000
0.000000
0.000000
0.000000
0.000000
0.000000
0.000000
0.000000
0.000000
0.000000
0.000000
0.875000
4.656250
5.828125
5.390625
11.718750
14.843750
16.187500
17.609375
17.109375
18.015625
20.375000
19.390625
19.718750
22.265625
29.890625
37.609375
45.843750
52.578125
38.906250
53.062500
20.718750
0.468750
0.000000
0.000000
0.000000
0.000000
12.453125
17.281250
16.609375
20.312500
22.125000
21.890625
23.250000
28.406250
30.609375
38.000000
37.343750
40.921875
26.390625
22.078125
0.000000
1.359375
5.578125
6.562500
2.343750
2.546875
1.656250
0.984375
1.906250
1.312500
0.000000
1.750000
2.359375
0.890625
0.000000
0.000000
2.468750
0.000000
0.000000
17.468750
4.078125
27.484375
47.109375
30.609375
17.093750
13.390625
4.796875
1.937500
0.687500
0.125000
2.687500
6.921875
5.609375
6.218750
8.953125
5.953125
0.000000
10.640625
2.546875
9.000000
