0.140625
0.703125
1.578125
1.078125
0.062500
0.046875
0.000000
0.031250
0.000000
0.000000
0.000000
0.125000
0.281250
0.093750
0.156250
0.171875
0.140625
0.156250
0.125000
0.203125
0.093750
0.187500
0.250000
0.234375
0.171875
0.156250
0.234375
0.218750
0.125000
0.125000
0.093750
0.046875
0.109375
0.031250
0.093750
0.031250
0.093750
0.218750
0.171875
0.109375
0.171875
0.093750
0.093750
0.109375
0.015625
0.000000
0.000000
0.031250
0.046875
0.078125
0.015625
0.000000
0.000000
0.015625
0.046875
0.000000
0.000000
0.000000
0.000000
0.000000
0.000000
0.000000
0.000000
0.000000
0.000000
0.000000
0.000000
0.000000
0.000000
0.000000
0.093750
0.078125
0.203125
0.140625
0.000000
0.000000
0.296875
2.375000
4.843750
6.078125
6.796875
7.000000
6.765625
4.984375
3.859375
2.843750
1.281250
0.000000
0.000000
0.000000
0.000000
0.000000
0.000000
0.000000
0.031250
0.046875
0.031250
0.187500
0.000000
0.000000
0.000000
0.046875
0.078125
0.078125
0.000000
0.000000
0.000000
0.000000
0.000000
0.000000
0.000000
0.000000
0.000000
0.000000
0.000000
0.000000
0.000000
0.000000
0.000000
0.000000
0.000000
0.000000
0.000000
0.000000
0.000000
0.000000
0.000000
0.000000
0.000000
0.000000
0.000000
0.000000
0.000000
0.000000
0.000000
0.000000
0.000000
0.000000
0.000000
0.000000
0.000000
0.000000
0.000000
0.000000
0.000000
0.000000
0.000000
0.000000
0.000000
0.000000
0.000000
0.000000
0.000000
0.000000
0.000000
0.000000
0.234375
0.000000
0.000000
0.000000
0.000000
0.000000
0.156250
1.125000
0.406250
0.000000
0.000000
0.000000
0.000000
0.000000
0.000000
0.078125
0.062500
0.000000
0.000000
0.000000
0.031250
0.156250
0.000000
0.000000
0.000000
0.000000
0.140625
0.109375
0.000000
0.000000
0.000000
0.015625
0.078125
0.031250
0.062500
0.000000
0.000000
0.000000
0.000000
0.031250
0.000000
0.000000
0.046875
0.000000
0.046875
0.156250
0.062500
0.015625
0.000000
0.000000
0.000000
0.093750
0.093750
0.000000
0.000000
0.000000
0.156250
0.203125
0.140625
0.000000
0.000000
0.000000
0.078125
0.171875
0.000000
0.000000
0.000000
0.000000
0.093750
0.093750
0.000000
0.000000
0.000000
0.296875
0.468750
0.421875
0.000000
0.000000
0.000000
0.156250
0.609375
0.890625
0.859375
0.562500
2.031250
1.781250
0.750000
1.265625
2.609375
3.265625
2.484375
0.703125
0.000000
0.000000
0.000000
0.078125
0.031250
0.000000
0.000000
0.000000
0.046875
0.000000
0.078125
0.031250
0.078125
0.171875
0.125000
0.187500
0.093750
0.015625
0.281250
0.156250
0.250000
0.093750
0.000000
0.000000
0.000000
0.312500
0.343750
0.250000
0.015625
0.000000
0.203125
0.234375
0.234375
0.218750
0.140625
0.109375
0.234375
0.250000
0.156250
0.078125
0.000000
0.000000
0.031250
0.093750
0.000000
0.000000
0.000000
0.000000
0.000000
0.000000
0.000000
0.000000
0.000000
0.000000
0.078125
0.203125
0.109375
0.000000
0.000000
0.015625
0.078125
0.125000
0.093750
0.000000
0.000000
0.109375
0.375000
0.703125
0.000000
0.000000
0.000000
0.578125
