012e
00ac
0152
026c
01cd
0259
023a
02df
0345
0322
0356
03b6
0431
0745
04fa
0798
08cb
0834
094a
0767
0000
01eb
0192
0082
039c
048e
04bd
05e6
0920
0985
0431
0130
03a3
067a
0889
07db
072f
011c
02a9
0284
0000
0000
0000
0000
0000
0000
0000
0000
0000
0000
0000
0000
0000
0000
0000
0000
0000
0000
0000
0000
001e
0000
0000
0000
0000
0000
0000
0000
0000
0000
0000
0000
0000
0000
0000
0000
0000
0000
0000
0000
0000
0000
0130
0089
00a7
0000
0000
0000
0000
0000
0000
0000
0000
0000
0000
0000
0000
0000
0000
0000
0000
08b1
0658
051b
07c6
031c
009a
0000
0000
0000
0000
0000
0000
0000
0000
0000
0000
01c0
086f
020d
02e8
0134
01fa
0097
0040
00ed
0000
0000
0000
0000
0000
0000
0000
0311
0095
0000
0000
0000
0000
0000
0000
0000
0000
0000
0539
0424
0455
05b2
05f6
05f1
0000
0000
0000
0000
0000
0000
0000
0000
0000
0000
