0.671875
1.218750
0.781250
0.046875
0.015625
0.031250
0.078125
0.031250
0.000000
0.093750
0.156250
0.234375
0.156250
0.109375
0.156250
0.140625
0.156250
0.140625
0.140625
0.031250
0.125000
0.156250
0.156250
0.125000
0.109375
0.109375
0.156250
0.125000
0.093750
0.125000
0.093750
0.109375
0.109375
0.140625
0.109375
0.171875
0.218750
0.156250
0.125000
0.171875
0.125000
0.125000
0.140625
0.046875
0.062500
0.078125
0.125000
0.187500
0.140625
0.125000
0.156250
0.140625
0.125000
0.140625
0.046875
0.000000
0.000000
0.031250
0.062500
0.062500
0.062500
0.031250
0.093750
0.078125
0.093750
0.093750
0.078125
0.046875
0.203125
0.312500
0.171875
0.000000
0.000000
0.000000
0.000000
0.000000
0.000000
0.000000
0.187500
1.343750
2.218750
2.218750
1.953125
2.281250
2.250000
1.406250
0.312500
0.000000
0.062500
0.171875
0.171875
0.140625
0.281250
0.265625
0.218750
0.250000
0.281250
0.250000
0.171875
0.265625
0.359375
0.328125
0.296875
0.296875
0.234375
0.250000
0.187500
0.281250
0.187500
0.156250
0.109375
0.140625
0.281250
0.328125
0.343750
0.234375
0.203125
0.187500
0.296875
0.281250
0.250000
0.171875
0.187500
0.078125
0.000000
0.000000
0.000000
0.000000
0.000000
0.000000
0.000000
0.000000
0.000000
0.000000
0.000000
0.000000
0.000000
0.000000
0.000000
0.000000
0.000000
0.000000
0.046875
0.031250
0.000000
0.000000
0.000000
0.000000
0.000000
0.000000
0.000000
0.000000
0.000000
0.031250
0.125000
0.000000
0.000000
0.000000
0.000000
0.000000
