0000
0000
0000
0000
0000
0000
0000
0000
0000
0000
0000
0000
0000
0000
0000
0000
0000
0000
00f8
0000
003e
017b
0000
0000
0000
0000
0000
0000
0000
0000
0000
0000
0000
0000
0000
0000
0000
0000
0000
0000
0000
0000
0000
0000
0000
0000
0000
0000
0000
0000
0000
0000
0000
0000
0000
0000
0000
0000
0000
0000
0000
0000
0000
0000
0000
0000
0000
0000
0000
0000
0000
0000
0000
0000
0000
0000
0000
0000
0000
0000
01e0
011e
007d
0067
0066
0082
0072
0063
007e
0091
0091
0090
008f
0099
008c
0055
003e
00bf
021c
06ed
0a27
0809
0493
0123
0142
015f
0133
0141
019c
0188
011a
018d
01fc
0180
00ed
00d1
00b0
0047
0173
015c
0084
001a
0000
0000
0000
0000
0000
0000
0000
0000
0000
0000
0000
0000
0000
0000
0000
0000
013f
0000
0000
02e7
0000
0000
0000
0000
0000
0000
0000
0000
0000
0000
0000
0000
0000
0000
0000
0000
0000
01ca
0000
0000
0000
0000
0000
0000
0000
0000
0000
0000
0000
0000
0000
0000
0000
0000
0000
0000
005e
0000
015b
0000
0000
0000
0000
0000
0000
0000
0000
0000
0000
0000
0000
0000
0000
0000
0000
0000
0032
01e4
0000
0023
0000
0000
0000
0000
0000
0000
0000
0000
0000
0000
0000
0000
0000
0000
0000
0000
0000
0000
0000
00b9
0015
0000
0000
0000
0000
0000
0000
0000
0000
0000
0000
0000
0000
0000
0000
0000
0000
002b
0000
0000
0000
0000
0000
0000
0000
0000
0000
0000
0000
0000
0000
0000
0000
0000
0000
0000
0000
0000
0000
00a1
0000
0000
0000
0000
0000
0000
0000
0000
0000
0012
0000
0000
0000
0000
0000
0000
0000
0000
0029
0098
006c
008a
007a
0083
0098
0092
008f
0096
0097
00a8
00ba
00ba
00c8
00b5
00d1
01b1
01a1
018f
0000
0070
0034
0091
00d1
00ed
0108
0103
011c
014a
0175
017d
017a
0122
00f7
011b
010e
0162
0235
01ec
0053
0000
0031
0015
0028
0018
001a
0039
0024
0027
0031
002a
003d
0053
003e
005c
0070
0189
02b3
0000
0115
0055
0000
008a
004b
0045
0057
0086
006b
006e
00cb
012a
00b2
0065
0072
009e
00ad
008f
021f
0206
0077
0055
0033
004a
0041
004e
0054
004f
004e
006d
006a
0065
008a
0094
007e
0070
00a8
0223
015c
0228
02fc
0000
0000
0095
00d8
00ff
0118
011e
0142
0147
019d
016f
00b9
00a0
00d3
0106
00da
013b
02a8
0000
00db
0000
000b
0000
0000
0000
0000
0000
0000
0000
0000
0000
0000
0000
0000
0000
0000
0000
0000
0000
0289
0000
0112
0000
0000
0000
0000
0000
0000
0000
0000
0000
0000
0000
0000
0000
0000
0000
0000
0000
0088
0000
0098
00a8
00c0
00a7
00cc
00e3
00d1
00ed
00fd
00e7
0124
016a
0145
018b
020a
03c6
0327
0000
027d
0180
019d
0213
01d1
01f9
0251
0279
0274
0290
0454
051b
0427
02b5
0259
0281
02cb
0357
0538
03cc
0025
00f9
00a7
0082
007d
008d
008c
0090
008f
0095
009c
0092
00a4
00bd
00ca
00c4
00bc
0044
00f5
0227
029c
0392
0272
00bf
00a6
00ba
00c1
00aa
00b2
00ef
0148
0219
02aa
0209
0115
00ff
012a
0114
013c
0243
0000
0000
0000
0000
0000
0000
0000
0000
0000
0000
0000
0000
0000
0000
0000
0000
0000
00a6
0321
0000
0000
036e
0000
0000
0000
0000
0000
0000
0000
0000
0000
00c4
0032
0000
0000
0000
0000
0000
0154
028c
0000
0000
0000
0000
0000
0000
0000
0000
0000
0000
0000
0000
0000
0000
0000
0000
0000
0000
010c
00ee
0000
009f
0000
0000
0000
0000
0000
0000
0000
0000
0000
0000
0000
0000
0000
0000
0000
0000
0000
0245
0000
0000
0000
0000
0000
0000
0000
0000
0000
0000
0002
0000
0000
0000
0000
0000
001c
0000
0000
02ab
0398
008e
001e
0025
003c
0051
005f
0050
005f
0073
0018
0000
0000
0000
0002
0000
0000
0000
0000
0000
