2.921875
4.968750
1.890625
0.578125
0.000000
0.078125
0.625000
0.515625
0.468750
0.546875
0.734375
0.671875
0.703125
0.734375
0.468750
0.500000
0.734375
0.984375
1.000000
1.187500
1.031250
0.796875
1.171875
1.109375
1.093750
1.484375
1.234375
0.843750
1.265625
0.781250
0.546875
1.312500
1.109375
1.484375
2.250000
2.437500
1.234375
5.218750
11.812500
18.203125
16.343750
17.656250
13.906250
8.531250
4.218750
1.468750
0.703125
2.781250
3.296875
3.718750
3.703125
3.937500
3.890625
3.953125
3.906250
4.609375
4.500000
4.750000
5.406250
5.312500
4.656250
3.812500
2.609375
1.171875
0.781250
0.718750
0.531250
1.406250
1.937500
2.000000
2.406250
2.015625
1.562500
2.562500
2.671875
1.656250
3.187500
1.140625
0.000000
1.578125
0.718750
0.765625
0.000000
0.000000
0.000000
1.203125
2.265625
2.062500
1.953125
2.281250
2.281250
2.375000
2.406250
2.343750
2.203125
2.468750
2.640625
2.484375
2.671875
2.687500
2.625000
2.718750
2.828125
2.640625
2.984375
3.093750
3.046875
3.187500
3.140625
2.859375
3.140625
3.281250
3.125000
3.593750
4.734375
3.625000
3.437500
3.781250
6.937500
2.921875
0.000000
0.656250
3.359375
6.968750
1.234375
0.000000
0.000000
3.453125
3.687500
4.156250
4.062500
4.062500
4.156250
4.390625
4.156250
4.921875
5.078125
5.343750
5.203125
5.234375
5.265625
5.218750
5.625000
6.000000
5.593750
4.265625
3.687500
3.484375
3.718750
4.437500
4.718750
4.765625
5.156250
5.218750
4.218750
4.656250
5.453125
4.484375
6.312500
4.750000
0.000000
0.000000
0.000000
0.843750
0.593750
0.500000
0.531250
0.453125
0.703125
0.890625
0.640625
0.609375
0.593750
0.562500
0.796875
1.109375
0.875000
0.640625
0.687500
0.531250
0.796875
1.203125
0.843750
0.890625
0.875000
0.609375
1.187500
1.671875
1.203125
1.390625
1.531250
0.953125
1.328125
1.109375
1.609375
6.625000
10.281250
11.812500
4.375000
1.343750
1.203125
4.515625
3.859375
6.562500
3.421875
1.765625
1.625000
2.031250
1.859375
1.828125
1.687500
1.750000
1.859375
2.515625
2.625000
2.375000
2.562500
2.625000
2.156250
2.046875
2.656250
4.093750
6.593750
8.656250
8.687500
7.078125
5.500000
3.312500
2.343750
2.312500
1.890625
2.625000
3.640625
2.468750
2.609375
2.218750
3.593750
10.453125
14.015625
13.312500
0.000000
0.000000
0.000000
0.046875
2.078125
2.468750
2.234375
2.421875
2.453125
2.609375
2.656250
2.343750
2.468750
2.468750
2.734375
2.890625
3.031250
2.906250
2.609375
2.500000
2.390625
2.703125
2.953125
3.093750
2.875000
2.875000
2.437500
2.687500
3.093750
3.328125
3.421875
3.468750
3.296875
3.250000
2.140625
0.000000
0.000000
0.000000
0.000000
0.000000
0.000000
0.000000
0.000000
0.000000
0.000000
0.000000
2.234375
2.140625
2.234375
1.937500
1.609375
1.250000
1.781250
2.140625
2.515625
2.562500
2.078125
1.453125
2.015625
2.390625
2.015625
1.781250
1.718750
2.140625
2.937500
3.734375
4.421875
4.453125
4.171875
4.140625
4.062500
3.968750
3.531250
3.859375
4.187500
4.531250
2.390625
0.000000
0.000000
0.000000
