2.171875
-1.046875
-0.375000
-1.046875
-1.765625
-1.671875
-1.656250
-1.718750
-1.875000
-1.937500
-1.812500
-1.937500
-1.859375
-2.062500
-2.171875
-2.125000
-2.156250
-2.093750
-2.156250
-2.250000
-2.375000
-2.406250
-2.406250
-2.421875
-2.656250
-2.531250
-2.703125
-2.843750
-2.781250
-2.718750
-2.843750
-2.875000
-2.750000
-2.796875
-2.953125
-3.296875
-5.343750
-4.796875
-6.125000
-5.359375
-10.765625
-11.828125
-7.000000
-1.796875
-0.640625
-3.000000
-3.218750
-3.453125
-3.656250
-3.515625
-3.359375
-3.984375
-4.187500
-4.250000
-4.625000
-4.812500
-4.406250
-4.843750
-4.953125
-4.890625
-5.281250
-5.859375
-6.078125
-5.468750
-4.906250
-4.375000
-4.015625
-4.125000
-4.250000
-4.390625
-4.578125
-4.390625
-4.406250
-4.375000
-4.031250
-4.265625
-4.046875
-4.515625
-6.671875
-5.218750
-3.890625
-2.000000
-3.406250
-1.265625
0.062500
-0.140625
-0.125000
-0.171875
0.093750
-0.078125
-0.234375
-0.046875
-0.328125
-0.171875
0.031250
-0.031250
-0.156250
-0.062500
-0.187500
-0.453125
-0.250000
-0.328125
-0.312500
-0.125000
-0.156250
-0.578125
-0.250000
-0.593750
-0.578125
0.000000
-0.218750
-0.296875
-0.203125
-0.375000
-1.093750
-1.515625
-2.640625
-5.218750
-9.390625
-9.843750
-8.203125
-9.750000
-8.078125
-8.593750
-6.296875
-1.515625
-1.203125
-1.359375
-1.562500
-1.781250
-2.156250
-2.093750
-2.265625
-2.031250
-1.781250
-1.906250
-2.296875
-2.453125
-2.968750
-2.578125
-2.375000
-2.500000
-2.609375
-3.296875
-3.781250
-2.937500
-2.296875
-1.515625
-0.734375
-0.796875
-0.640625
-0.546875
-1.062500
-1.453125
-1.093750
-0.687500
-1.468750
-1.906250
-5.421875
-7.015625
