11.562500
3.625000
6.703125
12.343750
12.562500
16.890625
17.687500
18.390625
20.484375
19.750000
19.468750
22.156250
22.578125
25.750000
36.390625
39.468750
53.375000
49.359375
72.062500
56.812500
47.250000
20.703125
18.390625
3.812500
4.406250
6.437500
9.078125
19.765625
23.484375
24.546875
17.437500
7.234375
23.390625
40.953125
44.843750
42.109375
41.984375
34.953125
15.796875
41.468750
1.000000
1.593750
0.656250
5.875000
5.031250
1.125000
0.000000
0.000000
0.000000
0.000000
0.000000
0.000000
0.000000
0.000000
0.000000
0.000000
0.000000
0.000000
1.468750
0.000000
5.421875
0.000000
0.000000
0.000000
0.000000
0.000000
0.000000
0.000000
0.000000
0.000000
0.000000
0.000000
0.000000
0.000000
0.000000
0.000000
0.000000
0.000000
0.781250
15.546875
0.000000
0.000000
0.000000
0.000000
0.000000
0.000000
0.000000
0.000000
0.000000
0.000000
0.000000
0.000000
0.000000
0.000000
0.000000
0.000000
0.312500
2.515625
4.937500
2.453125
0.000000
6.796875
3.687500
0.000000
0.000000
0.000000
0.000000
0.000000
0.000000
0.000000
2.609375
9.656250
10.203125
3.531250
0.000000
0.000000
0.375000
1.328125
6.609375
32.718750
3.734375
4.000000
7.187500
2.734375
0.000000
0.000000
1.765625
3.015625
2.578125
1.296875
1.625000
3.250000
2.437500
0.953125
0.000000
0.000000
1.796875
0.000000
0.000000
0.000000
1.437500
12.828125
14.281250
0.000000
0.000000
0.000000
0.000000
0.781250
0.000000
1.625000
1.562500
0.000000
0.000000
0.000000
0.000000
0.000000
0.000000
17.468750
21.703125
21.703125
8.031250
12.750000
14.734375
7.453125
0.562500
0.500000
0.500000
0.625000
0.828125
0.625000
0.484375
0.703125
0.687500
0.093750
0.468750
0.796875
1.734375
1.890625
15.890625
43.031250
45.625000
48.937500
50.625000
50.812500
43.484375
15.593750
9.343750
4.718750
3.656250
20.671875
21.859375
8.078125
0.000000
0.718750
0.875000
0.968750
4.578125
23.812500
1.781250
4.296875
1.343750
0.000000
0.000000
9.250000
12.296875
12.718750
9.687500
10.640625
13.109375
12.375000
10.218750
10.515625
11.781250
16.046875
21.578125
0.000000
0.000000
0.000000
0.000000
0.000000
0.000000
2.515625
0.000000
0.000000
0.000000
0.000000
0.000000
2.171875
0.000000
0.000000
0.000000
0.281250
11.140625
20.546875
13.921875
5.140625
0.000000
0.000000
0.000000
37.640625
14.156250
11.531250
4.781250
4.375000
3.453125
4.046875
3.828125
3.687500
4.296875
4.437500
4.031250
4.593750
4.937500
4.078125
4.421875
4.328125
3.671875
3.546875
8.781250
20.890625
38.328125
34.734375
45.203125
52.328125
26.312500
15.312500
15.656250
14.875000
18.250000
31.453125
20.890625
4.562500
3.328125
4.031250
5.453125
6.343750
12.000000
4.062500
0.000000
6.671875
7.703125
8.515625
5.890625
3.000000
5.078125
9.984375
11.093750
11.328125
12.281250
13.828125
16.234375
16.656250
16.421875
20.031250
33.812500
18.546875
13.328125
6.765625
6.515625
6.234375
0.000000
1.750000
0.812500
2.265625
3.265625
3.703125
8.234375
19.015625
21.390625
19.078125
22.875000
21.234375
9.187500
4.531250
3.859375
24.500000
13.656250
5.531250
8.828125
7.687500
