0.000000
0.000000
0.000000
0.000000
0.000000
0.000000
0.000000
0.000000
0.000000
0.000000
0.000000
0.000000
0.000000
0.000000
0.000000
0.000000
0.000000
0.000000
0.000000
0.000000
19.546875
9.312500
3.765625
0.390625
0.000000
0.000000
0.000000
0.000000
0.000000
0.000000
0.000000
0.000000
0.000000
0.000000
0.000000
0.000000
0.000000
0.000000
0.000000
0.000000
1.218750
0.359375
0.000000
0.000000
0.000000
0.000000
0.000000
0.000000
0.000000
0.000000
0.000000
0.000000
0.000000
0.000000
0.000000
0.000000
0.578125
6.171875
7.890625
35.296875
26.718750
12.453125
14.359375
10.171875
4.515625
2.578125
1.578125
2.828125
3.250000
1.250000
0.000000
4.000000
9.968750
9.375000
1.890625
0.000000
0.000000
2.406250
0.578125
0.000000
0.812500
0.000000
5.687500
9.390625
10.171875
10.656250
10.578125
11.750000
11.906250
10.718750
11.250000
12.109375
12.125000
13.921875
15.656250
13.906250
11.250000
18.562500
10.421875
0.000000
0.000000
0.000000
0.000000
0.000000
4.578125
3.343750
4.765625
7.390625
7.234375
4.453125
2.718750
6.703125
16.312500
21.703125
21.375000
19.203125
18.734375
15.187500
25.000000
29.531250
0.171875
0.000000
0.000000
0.875000
1.312500
2.187500
2.000000
1.437500
2.609375
2.359375
1.312500
2.234375
3.562500
2.843750
3.828125
5.015625
10.140625
16.421875
10.625000
24.796875
6.625000
0.000000
0.000000
0.000000
0.000000
1.046875
0.000000
0.546875
2.640625
5.968750
8.687500
13.843750
6.453125
0.000000
2.531250
6.171875
8.343750
14.140625
16.984375
0.000000
0.031250
4.093750
3.015625
2.750000
2.671875
2.203125
2.890625
2.859375
2.656250
2.718750
2.687500
3.031250
3.578125
3.640625
3.703125
5.187500
12.093750
24.078125
23.687500
32.015625
13.281250
9.015625
5.562500
0.000000
1.312500
1.375000
2.828125
2.296875
1.187500
4.750000
9.375000
5.921875
2.828125
1.546875
3.781250
5.406250
7.359375
17.468750
18.156250
8.421875
0.468750
0.359375
1.171875
0.468750
1.203125
0.671875
0.000000
1.328125
0.562500
0.015625
1.406250
0.296875
0.000000
0.000000
0.000000
0.000000
0.000000
0.000000
0.390625
0.000000
0.000000
0.000000
0.000000
0.000000
0.234375
0.000000
0.000000
0.781250
0.187500
0.000000
0.000000
0.000000
0.000000
0.000000
0.000000
0.000000
0.000000
0.000000
0.000000
18.187500
0.000000
0.000000
0.000000
0.000000
0.015625
0.000000
0.000000
0.531250
0.281250
0.000000
0.000000
0.000000
0.000000
0.000000
0.000000
0.640625
0.000000
0.000000
9.468750
0.000000
0.000000
0.000000
0.000000
0.000000
0.000000
0.000000
0.000000
3.187500
0.390625
0.000000
9.437500
11.218750
0.000000
0.000000
0.000000
0.421875
0.000000
0.000000
0.000000
0.000000
0.000000
0.000000
0.000000
0.000000
0.000000
0.000000
0.000000
0.000000
0.000000
0.000000
0.000000
0.000000
0.000000
0.000000
0.000000
0.000000
0.000000
0.000000
0.000000
0.000000
0.000000
0.000000
0.000000
0.703125
0.000000
0.000000
0.000000
0.000000
0.000000
0.171875
0.937500
0.000000
0.000000
0.000000
0.000000
0.000000
0.000000
0.000000
0.000000
0.000000
