0226
0079
00d5
0224
0231
033c
036f
0385
0402
03e3
03cf
045f
0479
0558
07c8
0894
0c4c
0bc4
10f1
0e30
0b92
052d
0461
0000
0000
0083
0112
038a
0480
04a5
0329
010e
04f1
08b9
0994
08d3
08fb
0741
034c
0904
0000
0000
0000
0000
0000
0000
0000
0000
0000
0000
0000
0000
0000
0000
0000
0000
0000
0000
0000
0000
0000
0000
0000
0000
0000
0000
0000
0000
0000
0000
0000
0000
0000
0000
0000
0000
0000
0000
0000
0625
0202
0330
03ad
01bc
0000
0000
0000
0000
0000
0000
0000
0000
0000
0000
0000
0000
0000
0000
028c
0710
0736
0bc8
0ca8
0cb4
0ab9
03e6
0233
00eb
00e9
04f9
0573
0205
0000
0000
0000
0000
00f7
058a
0000
0000
02d1
0214
0083
0035
0000
0000
0000
0000
0000
0000
0000
0000
0000
0000
0000
0000
0000
00e3
0232
0539
0995
08af
0a19
0be0
04ce
0200
022e
01e5
0285
0575
0337
0000
0000
0000
0000
0000
01a6
0000
0000
01ab
