1.718750
0.265625
0.000000
0.000000
0.000000
0.000000
0.000000
0.000000
0.000000
0.000000
0.000000
0.000000
0.000000
0.000000
0.000000
0.000000
0.000000
0.000000
10.125000
9.421875
0.000000
7.281250
1.968750
0.000000
0.000000
0.000000
0.000000
0.000000
0.000000
0.000000
0.000000
0.000000
1.359375
0.000000
0.000000
0.000000
0.000000
0.000000
0.000000
5.656250
0.000000
0.000000
0.000000
0.000000
0.000000
0.000000
0.000000
0.000000
0.000000
0.000000
0.000000
0.000000
0.000000
0.000000
0.000000
0.000000
0.000000
0.000000
3.875000
0.000000
0.968750
5.921875
0.000000
0.000000
0.000000
0.000000
0.000000
0.000000
0.000000
0.000000
0.000000
0.000000
0.000000
0.000000
0.000000
0.000000
0.000000
0.000000
0.000000
0.000000
1.828125
1.390625
3.312500
3.546875
3.812500
3.750000
4.015625
4.312500
4.296875
4.453125
4.656250
4.843750
5.109375
5.046875
4.968750
5.468750
5.718750
2.234375
0.000000
0.000000
0.000000
0.000000
0.000000
6.828125
6.765625
7.234375
8.187500
8.953125
8.968750
9.500000
9.453125
5.609375
3.000000
5.750000
7.781250
7.703125
7.062500
7.812500
2.046875
0.000000
0.000000
0.000000
0.000000
0.000000
0.000000
0.000000
0.000000
0.000000
0.000000
0.000000
0.000000
0.000000
0.000000
0.000000
0.000000
0.000000
0.000000
0.000000
0.000000
0.000000
0.000000
0.000000
0.000000
0.000000
0.000000
0.000000
0.000000
0.000000
0.000000
0.000000
0.000000
0.000000
0.000000
0.000000
0.000000
0.000000
0.000000
0.000000
0.000000
0.000000
0.000000
0.000000
0.000000
0.000000
0.000000
0.000000
0.000000
0.000000
0.000000
0.000000
0.000000
0.000000
0.000000
0.000000
0.000000
0.000000
0.000000
0.000000
0.000000
0.000000
0.000000
0.000000
0.000000
0.000000
0.000000
0.000000
0.000000
0.000000
0.000000
0.000000
0.000000
0.000000
0.000000
0.000000
0.000000
0.000000
0.000000
0.000000
0.000000
2.328125
7.500000
4.468750
1.953125
1.609375
1.593750
2.031250
1.781250
1.546875
1.968750
2.265625
2.265625
2.250000
2.234375
2.390625
2.187500
1.328125
0.968750
2.984375
8.437500
27.703125
40.609375
32.140625
18.296875
4.546875
5.031250
5.484375
4.796875
5.015625
6.437500
6.125000
4.406250
6.203125
7.937500
6.000000
3.703125
3.265625
2.750000
1.109375
5.796875
5.437500
1.859375
2.265625
0.000000
0.156250
0.000000
0.000000
0.140625
0.000000
0.000000
0.000000
0.000000
0.078125
0.000000
0.687500
1.453125
0.390625
0.000000
0.453125
0.000000
0.000000
0.000000
8.546875
6.453125
0.000000
0.000000
0.000000
0.000000
0.000000
0.000000
0.000000
0.656250
7.250000
10.109375
4.421875
0.265625
0.875000
1.281250
0.500000
1.671875
9.609375
2.062500
0.406250
0.000000
0.000000
0.000000
0.000000
0.000000
0.000000
0.000000
0.000000
0.000000
0.000000
0.000000
0.000000
0.000000
0.000000
0.000000
0.000000
4.984375
0.000000
0.000000
11.609375
0.000000
0.000000
0.000000
0.000000
0.000000
0.000000
0.000000
0.000000
0.000000
0.000000
0.000000
0.000000
0.000000
0.000000
0.000000
0.000000
0.000000
7.156250
