0.000000
0.390625
0.000000
0.000000
0.000000
0.000000
0.000000
0.000000
0.000000
0.000000
0.000000
0.000000
0.000000
0.000000
0.000000
0.000000
23.234375
11.609375
28.281250
22.312500
1.593750
11.265625
0.000000
0.000000
0.000000
0.000000
0.109375
0.000000
4.578125
11.750000
7.515625
0.000000
0.000000
0.000000
0.000000
0.000000
3.281250
20.062500
4.921875
7.906250
0.765625
0.000000
0.000000
0.000000
0.000000
0.000000
0.000000
0.000000
0.000000
0.000000
0.000000
0.000000
0.000000
0.000000
0.000000
0.000000
0.000000
0.000000
0.000000
0.000000
0.515625
0.000000
0.000000
0.000000
0.000000
0.000000
0.000000
0.000000
0.000000
0.000000
0.000000
0.000000
0.000000
0.000000
0.000000
0.000000
0.000000
0.000000
0.000000
0.000000
6.734375
7.515625
8.468750
7.265625
3.281250
0.000000
0.000000
0.000000
0.000000
0.000000
0.000000
0.000000
0.234375
0.000000
0.000000
0.000000
0.000000
0.000000
0.000000
0.000000
4.500000
2.640625
29.421875
27.125000
6.343750
8.421875
0.921875
1.515625
0.000000
0.000000
0.000000
0.000000
0.000000
0.000000
0.000000
0.000000
0.000000
0.000000
0.000000
0.000000
0.000000
1.359375
5.578125
6.562500
2.343750
2.546875
1.656250
0.984375
1.906250
1.312500
0.000000
1.750000
2.359375
0.890625
0.000000
0.000000
2.468750
0.000000
0.000000
17.468750
4.078125
27.484375
47.109375
30.609375
17.093750
13.390625
4.796875
1.937500
0.687500
0.125000
2.687500
6.921875
5.609375
6.218750
8.953125
5.953125
0.000000
10.640625
2.546875
9.000000
