00b3
0072
0034
0060
00a7
012a
0121
0137
0111
0167
01ce
0189
019c
01a9
01fb
02f6
0000
0000
0000
0000
01a7
02c0
0000
0314
00b8
0000
0011
00cd
01dd
01d5
0000
0000
0000
0000
015b
0210
0224
0000
0000
0000
0000
0019
0000
0000
0000
0000
0000
0000
0000
0000
0000
0000
0000
0000
0000
0000
05cf
02e7
0712
0594
0066
02d1
0000
0000
0000
0000
0007
0000
0125
02f0
01e1
0000
0000
0000
0000
0000
00d2
0504
013b
01fa
0000
0000
0000
0000
0000
0000
0000
0000
0000
0000
0000
0000
0000
0000
0000
0000
0377
05a8
0718
0682
01da
043d
0000
0000
0002
0000
0000
0000
0000
01f6
0000
0000
0000
0000
0000
0000
0000
0000
0000
022b
0031
0000
0000
0000
0000
0000
0000
0000
0000
0000
0000
0000
0000
0000
0000
0000
0000
0000
0000
0000
0021
0000
0000
0000
0000
0000
0000
0000
0000
0000
0000
0000
0000
0000
0000
0000
0000
0000
0000
0000
00f2
00b9
00f5
01c5
0174
01b8
0154
016d
01a1
0193
01bc
020b
01fc
01bb
01ed
04c6
05aa
0000
04fb
06e9
0547
068f
05a6
0951
06f8
02b7
00f5
0105
0209
0309
0257
020a
0377
0762
0886
06cb
08ce
07d3
018d
03a7
01af
01e1
021e
01d1
00d2
0000
0000
0000
0000
0000
0000
0000
000f
0000
0000
0000
0000
0000
0000
0000
0120
00a9
075b
06c8
0196
021b
003b
0061
0000
0000
0000
0000
0000
0000
0000
0000
0000
0000
0000
0000
0038
012a
0175
0159
02ee
03b6
040c
0467
0447
0481
0518
04d9
04ee
0591
0779
0967
0b76
0d25
09ba
0d44
052e
001e
0000
0000
0000
0000
031d
0452
0427
0514
0588
0579
05d0
071a
07a7
0980
0956
0a3b
0699
0585
0000
0057
0165
01a4
0096
00a3
006a
003f
007a
0054
0000
0070
0097
0039
0000
0000
009e
0000
0000
045e
0105
06df
0bc7
07a7
0446
0359
0133
007c
002c
0008
00ac
01bb
0167
018e
023d
017d
0000
02a9
00a3
0240
