0033
002a
0029
0029
0028
0027
0027
0027
0028
0028
0027
0027
0029
002a
002b
002b
002a
002b
002c
002f
002e
002c
002c
002d
002f
0030
0031
0030
002f
0030
0031
0031
0033
0031
0032
0034
0034
0036
0038
0037
0037
0037
0037
0039
0038
0039
0039
0038
0039
003b
003b
003b
003b
003b
003d
003d
003e
003a
0039
003b
003c
003e
003e
003d
003c
003d
003d
003e
0040
003f
003e
0044
0045
003b
0020
0000
0000
0000
0000
0000
0000
0029
005b
0065
0056
0049
0048
004c
004e
004e
004d
004f
004f
0051
0052
0055
0056
0057
0059
005a
005a
005b
005e
0060
0063
0062
0063
0063
0067
0067
006a
006a
0069
006a
006e
0072
0075
0074
0074
0074
0077
007a
007c
007d
007d
007c
0079
0079
0073
006f
0068
0065
0062
0061
005f
005c
005b
005a
005c
005c
005c
005c
005a
0059
005a
005d
005c
005a
0057
0057
0058
0059
0059
005a
0059
005a
005b
005c
0013
0001
000e
0000
0000
0000
0000
0000
0000
0000
0001
0000
0000
0000
0000
0000
0001
0000
0000
0000
0000
0000
0000
0000
0000
0000
0000
0000
0000
0000
0000
0000
0000
0000
0001
0001
0001
0001
0001
0000
0000
0000
0000
0000
0000
0000
0002
0002
0000
0000
0002
0001
0001
0000
0000
0000
0000
0001
0002
0001
0000
0000
0000
0001
0002
0002
0001
0001
0002
0001
0002
0001
0001
0000
0002
0005
0003
0000
0000
0000
0000
0000
0000
0000
0010
0019
000c
0001
0000
0002
0002
0003
0002
0003
0002
0002
0003
0003
0003
0003
0004
0004
0004
0003
0003
0005
0004
0005
0005
0004
0003
0005
0005
0005
0005
0004
0004
0005
0006
0007
0005
0005
0005
0005
0007
0006
0006
0004
0005
0006
0005
0004
0003
0003
0002
0002
0002
0004
0002
0003
0003
0004
0005
0004
0003
0003
0003
0003
0005
0004
0001
0002
0003
0004
0004
0003
0002
0002
0002
0003
000c
0000
