5.531250
6.703125
3.687500
3.640625
4.125000
4.203125
4.250000
4.437500
4.375000
4.515625
4.515625
4.656250
4.906250
5.015625
4.984375
4.921875
4.984375
4.968750
5.406250
5.828125
5.828125
5.937500
5.781250
5.703125
6.187500
6.437500
6.531250
6.921875
6.406250
5.968750
6.437500
6.453125
6.281250
7.000000
7.234375
8.796875
10.046875
5.984375
1.125000
2.312500
16.875000
24.562500
20.140625
11.562500
9.515625
8.937500
9.187500
9.765625
9.968750
9.984375
10.859375
11.687500
11.843750
11.984375
12.609375
12.578125
12.953125
13.984375
14.000000
14.156250
15.421875
16.187500
15.375000
13.734375
12.093750
10.375000
9.906250
10.296875
10.250000
10.640625
10.484375
10.093750
10.421875
10.343750
9.281250
10.531250
11.062500
12.421875
12.828125
4.921875
1.578125
-3.078125
-4.750000
-5.312500
-5.937500
-6.015625
-6.156250
-6.312500
-6.531250
-6.421875
-6.390625
-6.843750
-6.781250
-7.031250
-7.296875
-7.203125
-7.125000
-7.281250
-7.359375
-7.546875
-7.921875
-7.937500
-7.937500
-8.140625
-8.250000
-8.421875
-8.796875
-8.687500
-8.718750
-8.968750
-8.812500
-8.796875
-8.875000
-8.812500
-8.390625
-6.750000
-2.656250
-1.687500
1.921875
0.296875
3.343750
-0.578125
-0.953125
-7.437500
-6.812500
-9.953125
-10.234375
-10.421875
-10.484375
-10.953125
-11.203125
-12.062500
-12.406250
-12.843750
-12.687500
-13.062500
-13.234375
-14.062500
-14.328125
-15.062500
-15.828125
-16.140625
-16.453125
-15.609375
-14.671875
-13.843750
-13.062500
-12.828125
-12.828125
-12.687500
-12.968750
-13.046875
-12.671875
-12.531250
-12.500000
-12.203125
-12.375000
-9.109375
-6.687500
-5.250000
