007d
00c6
005b
0040
006a
006c
00af
0077
006b
00b0
00ae
00a3
00af
00b6
0119
0344
0565
05e0
04dd
016f
0562
0000
0000
03bb
007c
012d
00f9
0040
019c
0443
0309
0000
0000
0000
012a
0216
0530
0460
004b
0000
003b
00d0
00ea
0069
0052
0040
0061
0053
0026
0046
007a
00b1
008f
0069
007a
0255
0506
01da
0000
0100
003e
0000
012e
0269
0090
00fd
014b
00d6
017d
0346
019d
0000
0000
0085
00ab
008b
0371
041c
0000
0000
0000
0000
0000
0000
0000
0000
0000
0000
0000
0000
0000
0000
0000
0000
0000
0000
0000
000d
04e9
0000
02de
0000
0000
0000
0000
0000
0000
0000
0000
0000
0000
0000
0000
0000
0000
0000
0000
0000
0000
0000
00cb
0176
00b5
0000
0000
0000
0000
0000
0000
0000
0000
0000
0000
0000
0000
0000
0019
0000
0000
0000
0000
0495
0000
0021
00f9
001d
0000
0000
0007
0000
00d5
01be
0000
0000
0000
0000
0000
0000
0000
0000
007e
0059
00db
005c
0043
0022
001c
0054
0005
0004
0066
0073
0052
00a5
00ab
0219
03e3
04dd
0985
0000
03b6
02f1
0000
01f6
010c
0115
017a
0162
01f1
0353
03fd
02e8
01b8
01ba
0102
0159
036e
0329
0155
02ef
0000
0000
0000
0000
0004
0000
0000
0003
0010
000e
0009
0000
0000
0000
0049
0038
0000
043a
0313
0255
03d2
0256
039e
021e
0232
0149
0141
0170
0140
017a
01fb
0166
01d5
027c
024a
0165
00a4
00fe
03cf
029a
0000
0084
010a
01d6
0241
0260
0290
02a1
02a9
02b6
0291
0287
02cf
030a
02f8
01ec
017f
010a
0000
0000
0000
0000
0000
0000
0000
007a
00d6
00e3
001a
0000
0000
0099
025f
0300
0374
037c
01f0
0466
0672
06d0
0000
0000
0000
0000
0000
0000
0000
0000
0000
0000
0000
0000
0000
0000
0000
0000
0000
0000
0000
0000
0000
0000
0000
0000
0000
0000
0000
0000
0000
0000
0000
0000
0000
0000
0000
0000
0000
0000
00d1
02e8
