00be
006f
00d8
00f2
00f3
00fd
00fd
0114
011d
010d
010f
012b
012c
0118
0151
014a
010c
0093
0113
0004
003e
0000
0038
00f4
011a
0119
0133
0167
015f
017e
0133
00c1
00e8
0184
01a2
01b4
0184
017c
00a7
015a
0000
0000
0000
0000
0000
0000
0000
0000
0000
0000
0000
0000
0000
0000
0000
0000
0000
0000
005e
0000
015b
0000
0000
0000
0000
0000
0000
0000
0000
0000
0000
0000
0000
0000
0000
0000
0000
0000
0032
01e4
0000
0000
0000
0000
0000
0000
0000
0000
0000
0000
0000
0000
0000
0000
0000
0000
0014
00a1
013c
009d
0000
01b3
00ec
0000
0000
0000
0000
0000
0000
0000
00a7
026a
028d
00e2
0000
0000
0018
0055
01a7
0209
0000
0023
0000
0000
0000
0000
0000
0000
0000
0000
0000
0000
0000
0000
0000
0000
0000
0000
0000
0000
0000
00b9
0015
0000
0000
0000
0000
0000
0000
0000
0000
0000
0000
0000
0000
0000
0000
0000
0000
002b
0000
0000
0002
0021
0024
0020
0020
0028
0035
0028
001f
002d
002c
0006
001e
0033
006f
0079
016d
03b2
0432
0074
0000
0000
0026
0000
0023
0043
0001
0032
0004
0000
0000
002e
0038
003e
002e
006a
0072
0113
0000
0000
0000
0000
0000
0000
0000
0000
0000
0000
0000
0000
0000
0000
0000
0000
0000
0000
0000
0000
0000
00a1
0000
0000
0000
0000
0000
0000
0000
0000
0000
0012
0000
0000
0000
0000
0000
0000
0000
0000
00b9
00ce
00af
00e3
00dd
0103
00f5
00ec
0113
011c
0102
0126
013c
0105
011b
0115
00eb
0000
0000
0000
0000
0000
0134
0135
01c6
01d4
01bc
01d3
020b
0268
0202
0124
00d5
0102
015d
0196
015a
0104
0000
0000
0029
0098
006c
008a
007a
0083
0098
0092
008f
0096
0097
00a8
00ba
00ba
00c8
00b5
00d1
01b1
01a1
018f
0000
0070
0034
0091
00d1
00ed
0108
0103
011c
014a
0175
017d
017a
0122
00f7
011b
010e
0162
0235
01ec
