1.437500
1.062500
0.000000
0.000000
0.000000
0.000000
0.000000
0.000000
0.000000
0.000000
0.000000
0.000000
0.000000
0.000000
0.000000
0.000000
0.000000
0.000000
0.000000
0.000000
0.000000
0.000000
0.000000
0.000000
0.000000
0.000000
0.000000
0.000000
0.000000
0.000000
0.000000
0.000000
0.000000
0.000000
0.000000
0.000000
0.000000
0.000000
0.000000
0.859375
3.640625
3.812500
4.250000
0.000000
0.000000
0.000000
0.000000
0.000000
0.000000
0.000000
0.000000
0.000000
0.000000
0.000000
0.000000
0.000000
0.000000
0.000000
0.000000
0.000000
0.000000
0.000000
0.000000
0.000000
0.000000
0.000000
0.000000
0.000000
0.000000
0.000000
0.000000
0.000000
0.000000
0.000000
0.000000
0.000000
0.000000
0.156250
0.000000
0.000000
1.296875
1.375000
0.531250
1.093750
1.093750
0.921875
0.968750
1.015625
1.046875
1.046875
1.015625
1.031250
1.062500
1.109375
1.187500
1.187500
1.171875
1.109375
1.187500
1.265625
1.281250
1.281250
1.281250
1.296875
1.343750
1.390625
1.531250
1.546875
1.593750
1.578125
1.578125
1.562500
1.453125
1.484375
1.453125
2.375000
3.656250
3.234375
2.656250
1.218750
4.500000
4.843750
5.484375
1.125000
1.203125
1.609375
1.656250
1.656250
1.703125
1.656250
1.750000
1.828125
1.921875
2.109375
2.265625
2.281250
2.218750
2.203125
2.265625
2.390625
2.796875
2.890625
2.968750
2.921875
2.843750
2.562500
2.281250
2.187500
2.281250
2.281250
2.281250
2.234375
2.250000
2.250000
2.140625
2.109375
2.296875
3.640625
4.406250
4.437500
