4.875000
3.203125
2.937500
3.046875
2.015625
2.625000
2.062500
2.078125
1.890625
3.296875
3.750000
2.640625
2.921875
5.390625
15.109375
26.437500
27.390625
18.781250
12.406250
9.000000
22.890625
14.515625
9.296875
0.937500
6.843750
0.453125
0.000000
0.000000
7.203125
1.109375
0.000000
0.000000
0.000000
1.234375
5.078125
12.593750
8.640625
3.312500
0.765625
0.000000
2.562500
2.812500
1.390625
0.000000
0.000000
0.000000
0.000000
0.000000
0.000000
0.000000
0.000000
0.000000
0.000000
0.000000
0.000000
0.000000
0.000000
0.000000
0.000000
0.000000
0.000000
5.578125
10.093750
14.703125
7.765625
0.000000
0.000000
0.250000
0.000000
12.562500
20.765625
16.781250
4.000000
0.000000
0.000000
0.000000
0.000000
0.000000
0.000000
0.000000
0.000000
0.000000
0.000000
0.000000
0.000000
0.000000
0.000000
0.000000
0.000000
0.000000
0.000000
0.000000
0.000000
0.000000
0.000000
0.000000
0.000000
0.000000
0.000000
0.000000
0.000000
0.000000
0.000000
0.000000
0.000000
0.000000
0.000000
0.000000
0.000000
0.000000
0.000000
0.000000
0.000000
0.000000
0.000000
0.000000
0.000000
0.000000
0.000000
0.000000
5.109375
8.187500
9.031250
8.468750
7.078125
6.156250
7.078125
7.078125
7.234375
7.953125
7.718750
8.046875
7.968750
9.078125
14.296875
19.203125
24.671875
30.593750
39.843750
49.796875
52.765625
49.765625
38.703125
28.078125
20.656250
12.140625
8.937500
9.750000
9.812500
8.937500
13.046875
13.671875
14.593750
10.843750
12.312500
19.500000
19.796875
21.296875
25.843750
19.390625
