0.953125
1.406250
2.515625
2.125000
2.078125
2.062500
2.015625
2.031250
2.015625
2.046875
2.078125
2.062500
2.078125
2.078125
2.250000
2.296875
2.328125
2.296875
2.281250
2.328125
2.359375
2.421875
2.421875
2.375000
2.421875
2.484375
2.546875
2.578125
2.593750
2.578125
2.593750
2.609375
2.687500
2.703125
2.750000
2.750000
2.765625
2.828125
2.921875
2.968750
3.000000
2.984375
3.000000
3.031250
3.062500
3.031250
3.062500
3.078125
3.031250
3.125000
3.156250
3.234375
3.250000
3.265625
3.250000
3.281250
3.328125
3.375000
3.281250
3.203125
3.187500
3.281250
3.328125
3.421875
3.343750
3.343750
3.312500
3.328125
3.421875
3.500000
3.484375
3.484375
3.484375
3.468750
3.187500
2.328125
1.140625
0.000000
0.000000
0.000000
0.000000
0.515625
2.000000
3.640625
5.109375
5.156250
4.593750
4.093750
4.156250
4.312500
4.390625
4.437500
4.421875
4.468750
4.515625
4.640625
4.750000
4.875000
4.906250
4.921875
5.062500
5.078125
5.234375
5.343750
5.453125
5.609375
5.593750
5.656250
5.750000
5.734375
5.906250
5.984375
6.062500
6.062500
6.078125
6.234375
6.359375
6.640625
6.656250
6.718750
6.687500
6.750000
6.968750
7.078125
7.187500
7.187500
7.140625
7.000000
6.875000
6.718750
6.421875
6.109375
5.796875
5.640625
5.500000
5.390625
5.281250
5.187500
5.156250
5.203125
5.187500
5.250000
5.218750
5.125000
5.062500
5.125000
5.250000
5.218750
5.187500
5.000000
4.906250
4.921875
4.921875
4.984375
5.000000
5.078125
4.750000
4.937500
4.140625
2.359375
