-0.093750
-0.546875
-0.546875
-0.546875
-0.578125
-0.562500
-0.562500
-0.546875
-0.531250
-0.546875
-0.562500
-0.578125
-0.531250
-0.546875
-0.562500
-0.593750
-0.609375
-0.593750
-0.609375
-0.593750
-0.609375
-0.640625
-0.640625
-0.640625
-0.625000
-0.640625
-0.671875
-0.687500
-0.718750
-0.687500
-0.703125
-0.687500
-0.703125
-0.718750
-0.734375
-0.734375
-0.750000
-0.750000
-0.765625
-0.781250
-0.796875
-0.796875
-0.796875
-0.796875
-0.781250
-0.812500
-0.828125
-0.796875
-0.828125
-0.828125
-0.843750
-0.859375
-0.859375
-0.859375
-0.875000
-0.890625
-0.890625
-0.921875
-0.906250
-0.890625
-0.875000
-0.890625
-0.890625
-0.890625
-0.906250
-0.906250
-0.859375
-0.890625
-0.890625
-0.953125
-0.953125
-0.968750
-0.953125
-0.984375
-0.968750
-0.921875
-0.906250
-1.046875
-0.734375
-0.203125
0.375000
0.625000
0.656250
-0.218750
-0.968750
-1.281250
-1.218750
-1.125000
-1.140625
-1.156250
-1.187500
-1.187500
-1.203125
-1.218750
-1.218750
-1.250000
-1.296875
-1.328125
-1.328125
-1.390625
-1.359375
-1.406250
-1.421875
-1.421875
-1.515625
-1.500000
-1.546875
-1.562500
-1.593750
-1.578125
-1.609375
-1.640625
-1.671875
-1.687500
-1.734375
-1.703125
-1.765625
-1.781250
-1.875000
-1.890625
-1.859375
-1.859375
-1.859375
-1.937500
-1.984375
-2.046875
-2.015625
-1.984375
-2.000000
-1.984375
-1.890625
-1.796875
-1.718750
-1.656250
-1.625000
-1.578125
-1.515625
-1.484375
-1.468750
-1.437500
-1.437500
-1.468750
-1.468750
-1.437500
-1.421875
-1.421875
-1.406250
-1.468750
-1.484375
-1.421875
-1.390625
-1.390625
-1.390625
-1.390625
-1.421875
-1.421875
-1.421875
-1.437500
-1.343750
-1.750000
