-0.156250
0.890625
1.421875
1.046875
1.046875
1.031250
1.062500
1.203125
1.187500
1.218750
1.250000
1.250000
1.281250
1.359375
1.406250
1.390625
1.468750
1.500000
1.484375
1.593750
1.671875
1.687500
1.703125
1.718750
1.796875
1.921875
1.937500
2.046875
2.031250
1.921875
1.968750
2.000000
1.921875
1.843750
2.125000
2.093750
1.265625
2.671875
-0.171875
-6.671875
-7.671875
-2.843750
3.000000
3.312500
2.640625
2.515625
2.500000
2.578125
2.625000
2.828125
2.843750
3.125000
3.296875
3.531250
3.453125
3.656250
3.546875
3.781250
3.890625
4.062500
4.187500
4.343750
4.546875
4.375000
4.093750
3.687500
3.375000
3.296875
3.109375
3.109375
3.234375
3.187500
3.187500
3.234375
3.093750
2.937500
3.203125
2.906250
2.984375
3.421875
-0.531250
1.765625
0.515625
-0.937500
-0.750000
-0.609375
-0.484375
-0.625000
-0.515625
-0.531250
-0.562500
-0.250000
-0.484375
-0.531250
-0.500000
-0.562500
-0.593750
-0.421875
-0.375000
-0.453125
-0.390625
-0.531250
-0.593750
-0.531250
-0.359375
-0.484375
-0.375000
-0.546875
-0.640625
-0.453125
-0.609375
-0.656250
-0.500000
-0.500000
-0.437500
-0.359375
1.750000
2.796875
3.218750
3.296875
1.984375
6.625000
7.500000
5.046875
-0.109375
0.000000
-0.109375
0.062500
0.265625
0.437500
0.265625
0.531250
0.437500
0.234375
0.218750
0.375000
0.265625
0.703125
0.671875
0.484375
0.375000
0.156250
0.375000
0.328125
0.468750
0.468750
0.078125
-0.250000
-0.484375
-0.687500
-0.453125
-0.343750
-0.453125
-0.265625
-0.234375
-0.390625
-0.375000
-0.890625
2.546875
3.359375
-0.031250
1.406250
2.109375
2.671875
2.218750
2.265625
2.328125
2.500000
2.515625
2.468750
2.421875
2.453125
2.671875
2.750000
2.781250
2.843750
2.750000
2.625000
2.750000
2.812500
2.968750
3.156250
3.062500
3.046875
3.031250
3.093750
3.406250
3.562500
3.343750
3.500000
3.484375
3.468750
3.453125
3.187500
3.468750
3.875000
3.187500
0.421875
-1.046875
-1.281250
0.437500
-1.203125
1.078125
1.640625
3.875000
3.562500
3.750000
3.687500
3.703125
3.531250
3.937500
4.250000
4.375000
4.593750
4.890625
4.562500
4.781250
4.921875
4.937500
5.343750
5.796875
6.343750
6.265625
5.984375
5.125000
4.750000
4.687500
4.781250
5.000000
5.234375
4.765625
5.031250
5.093750
4.734375
4.625000
4.656250
4.765625
5.703125
3.812500
0.171875
2.968750
4.625000
3.750000
3.375000
2.984375
3.187500
3.859375
3.578125
3.734375
3.953125
3.656250
3.921875
4.312500
4.156250
4.203125
4.312500
4.203125
4.000000
4.593750
4.671875
4.718750
4.984375
4.656250
4.687500
5.125000
5.015625
5.375000
5.703125
4.937500
5.093750
5.609375
5.187500
5.171875
5.187500
5.500000
6.718750
6.484375
2.578125
0.671875
0.906250
7.031250
9.578125
7.515625
7.468750
6.859375
6.375000
6.734375
7.218750
7.312500
7.203125
7.859375
8.687500
8.578125
8.546875
9.218750
9.062500
9.015625
10.312500
10.156250
9.953125
11.171875
11.750000
11.265625
10.578125
9.453125
8.359375
8.296875
7.968750
8.156250
8.343750
7.859375
8.125000
8.593750
7.796875
7.453125
7.765625
7.984375
9.500000
9.234375
1.578125
