0040
0066
002a
0178
0142
0048
0000
0000
0000
0000
0000
0000
0000
0000
0000
0000
0000
0000
0000
0000
0000
0000
0000
0000
0000
0000
0000
0000
0000
0000
0000
0000
0000
0000
0000
0000
0000
0000
0000
01ff
00ef
00dd
01cc
00af
0000
0000
0071
00c1
00a5
0053
0068
00d0
009c
003d
0000
0000
0073
0000
0000
0000
005c
027c
037d
0000
0000
0000
0000
0032
0000
0068
0064
0000
0000
0000
0000
0000
0000
045e
056d
0542
0056
0000
0000
0250
0313
032e
026c
02a9
0347
0318
028e
02a1
02f2
0403
0565
0000
0000
0000
0000
0000
0000
0000
0000
0000
0000
0000
0000
008b
0000
0000
0000
0000
02c9
0523
037b
0149
0000
0000
0000
0969
01c4
0189
010d
0036
00cb
01fc
022e
0243
0283
02df
0378
0382
0361
0448
07ac
03ee
0284
0000
0000
0000
0000
0000
0000
0000
0000
0000
0107
03be
043d
037b
0443
03d2
00d2
0000
0000
0505
025c
0000
0000
0000
