000b
0038
0000
0000
0000
0000
0000
0000
0000
0000
0000
0000
0000
0000
0000
0000
0000
0000
0000
0000
0000
0000
0000
0000
0000
0000
0000
0000
0000
0000
0000
0000
0000
0000
0000
0002
0094
006d
004d
0070
0000
0108
00a4
0033
0000
000d
0000
000f
0018
0014
000d
0016
0020
0007
000e
0025
0009
0012
0030
0013
0004
0024
001e
001b
0029
0012
000a
0000
0000
0000
0005
0000
0004
000f
0000
0000
0000
0000
00d2
002f
00dc
019c
01a0
017d
0163
0169
0183
0191
019b
019e
019a
01a8
01bc
01c6
01ce
01d4
01d0
01d0
01e0
01f4
020d
0218
020c
0213
0223
022c
0254
0264
024a
024a
0256
0255
024f
0237
026a
02ab
023b
0131
0070
0063
013a
01fe
034c
0316
02ed
02d2
02da
02fb
030f
0310
033b
0386
039f
03b8
03da
03c8
03e2
0426
0443
0457
0493
04db
04e9
04b6
0449
03f2
03b3
0392
0386
0391
0379
038f
039a
0383
0364
0353
036b
03cf
033f
0194
0000
0000
0000
0000
0000
0000
0000
0000
0000
0000
0000
0000
0000
0000
0000
0000
0000
0000
0000
0000
0000
0000
0000
0000
0000
0000
0000
0000
0000
0000
0000
0000
0000
0000
0000
0000
0000
0017
003a
0000
0000
0000
0000
0000
0000
0000
0000
0000
0000
0000
0000
0000
0000
0000
0000
0000
0000
0000
0000
0000
0000
0000
0000
0000
0000
0000
0000
0000
0000
0000
0000
0000
0000
0000
0000
0000
0000
0000
0000
0061
0000
002e
0011
0032
002a
0025
0026
0028
002e
0029
0026
002d
0028
002d
0032
002d
002c
002f
0024
002b
0035
0032
002f
0032
0027
0027
0031
0032
0032
003e
002d
0033
0038
0029
0029
0039
0008
0027
0000
0000
0020
0000
0017
0013
001e
0036
002f
002d
002e
002a
002a
002b
002f
003a
003e
0033
003c
0031
002d
0041
0040
0048
0057
005f
0053
0059
004b
0048
004e
004f
0043
004e
0047
0047
004f
003f
002f
0057
0006
0069
000b
0000
0000
0000
0000
0000
0000
0000
0000
0000
0000
0000
0000
0000
0000
0000
0000
0000
0000
0000
0000
0000
0000
0000
0000
0000
0000
0000
0000
0000
0000
0000
0000
0000
0000
0000
0063
00a7
003d
000e
0000
00c9
0000
0000
0000
0000
0000
0000
0000
0003
0000
0000
0000
0000
0000
0010
0000
0000
0000
0000
0000
0000
0000
0000
000a
0000
0000
0000
0000
0000
0000
0000
0000
0000
0000
0000
0000
0000
0088
0089
0000
0000
0000
0000
0005
0000
0000
0000
0000
0000
0000
0000
0000
0000
0000
0000
0000
0000
0000
0000
0000
0000
0000
0000
0000
0000
0000
0000
0000
0000
0000
0000
0000
0000
0000
0000
006d
00f7
0076
006e
0046
000d
0000
0000
0000
0000
0000
0000
0000
0000
0000
0000
0000
0000
0000
0000
0000
0000
0000
0000
0000
0000
0000
0000
0005
0004
0000
0000
0000
0000
0000
0000
0000
0000
0000
0000
0000
0000
0085
00f7
004f
0090
003b
002a
0028
002f
0045
0034
003b
0042
0039
0044
0049
0041
0042
0043
0040
003f
004e
004c
004a
004e
0042
0046
0050
0046
004e
004f
003b
0044
004f
0044
0048
004f
004a
0076
0051
0000
007a
010a
01ba
0185
0116
00cb
0069
0065
0072
007e
0083
007c
008d
0099
0087
0081
0097
008e
0097
00b4
00a2
0098
00b8
00b0
00a1
0097
008a
007f
0083
0073
0076
0075
0065
0071
007d
0065
0069
0073
0065
00ad
005b
0000
0068
0000
0000
0000
0000
0000
0000
0000
0000
0000
0000
0000
0000
0000
0000
0000
0000
0000
0000
0000
0000
0000
0000
0000
0000
0000
0000
0000
0000
0000
0000
0000
0000
0000
0000
0000
0000
0000
0000
0095
0112
0106
0000
0000
0000
0000
0000
0000
0000
0000
0000
0000
0000
0000
0000
0000
0000
0000
0000
0000
0000
0000
0000
0000
0000
0000
0000
0000
0000
0000
0000
0000
0000
0000
0000
0000
0000
0000
0000
0000
