0.000000
2.281250
2.734375
3.312500
3.593750
3.734375
3.765625
3.640625
3.968750
3.875000
3.828125
4.156250
4.109375
4.171875
4.484375
4.453125
4.421875
4.390625
4.546875
4.484375
4.828125
4.984375
4.906250
5.093750
5.187500
5.156250
5.531250
5.609375
5.609375
5.859375
5.687500
5.531250
5.703125
5.531250
4.453125
4.156250
3.734375
0.140625
0.000000
0.000000
0.000000
0.000000
1.468750
4.031250
3.890625
5.500000
6.171875
6.078125
6.265625
6.328125
6.484375
7.062500
7.406250
7.718750
8.000000
7.984375
7.937500
8.531250
8.625000
9.031250
9.609375
9.890625
10.328125
10.203125
9.781250
9.218750
8.703125
8.296875
8.328125
8.312500
8.312500
8.453125
8.296875
8.140625
8.250000
8.078125
6.734375
6.000000
7.625000
5.328125
1.390625
1.687500
0.093750
0.062500
0.593750
0.640625
0.812500
0.734375
0.796875
0.890625
0.843750
0.890625
0.812500
0.937500
0.875000
0.906250
0.937500
1.000000
1.078125
1.125000
1.109375
1.031250
1.078125
1.140625
1.343750
1.218750
1.312500
1.375000
1.171875
1.140625
1.343750
1.359375
1.187500
1.343750
2.812500
2.906250
3.953125
4.109375
0.562500
0.000000
0.953125
5.265625
3.000000
0.937500
0.296875
1.875000
1.921875
2.328125
2.234375
2.203125
2.500000
2.703125
2.625000
2.593750
2.906250
2.828125
3.062500
3.343750
3.062500
3.062500
3.484375
3.796875
3.625000
3.156250
2.515625
1.953125
1.781250
1.937500
1.968750
2.250000
2.328125
2.312500
2.437500
2.218750
1.796875
2.000000
3.296875
4.421875
3.859375
0.000000
