0.000000
0.000000
1.640625
1.796875
2.078125
2.468750
2.531250
2.453125
2.375000
2.734375
2.937500
3.421875
3.609375
3.968750
4.640625
4.796875
6.484375
5.000000
0.000000
0.000000
0.000000
0.000000
0.000000
5.937500
3.453125
5.015625
5.218750
5.031250
5.625000
9.468750
15.671875
19.656250
16.671875
17.421875
10.578125
7.484375
8.031250
9.828125
14.843750
13.562500
0.000000
0.000000
0.000000
0.000000
0.000000
0.000000
0.000000
0.000000
0.000000
0.000000
0.000000
0.000000
0.000000
0.000000
0.000000
0.000000
0.000000
0.000000
1.000000
3.234375
5.484375
2.921875
5.312500
0.000000
0.000000
0.000000
0.000000
0.000000
0.000000
0.000000
0.000000
0.000000
0.000000
0.000000
0.000000
0.000000
0.000000
0.000000
0.000000
0.000000
0.000000
0.000000
1.125000
2.890625
3.546875
3.734375
4.000000
4.296875
3.687500
3.796875
3.968750
4.187500
4.359375
4.812500
5.109375
5.453125
3.671875
7.484375
5.562500
6.265625
3.218750
0.000000
0.000000
1.031250
0.484375
1.000000
1.437500
1.468750
2.203125
2.656250
5.953125
7.625000
7.890625
9.656250
6.875000
6.156250
7.156250
5.546875
14.031250
13.125000
4.546875
4.109375
2.484375
2.625000
2.578125
2.734375
2.890625
2.812500
2.968750
3.234375
3.265625
3.656250
4.390625
4.390625
4.437500
4.875000
7.796875
1.859375
5.625000
11.218750
16.890625
18.140625
14.781250
7.859375
6.390625
7.000000
7.125000
7.484375
8.062500
10.875000
11.250000
11.109375
11.843750
8.843750
7.656250
7.500000
8.031250
10.875000
9.953125
11.031250
