9.375000
11.296875
13.000000
10.890625
7.500000
6.031250
5.500000
5.671875
5.625000
5.765625
6.187500
6.718750
7.296875
7.031250
13.203125
3.875000
5.203125
0.000000
0.000000
0.000000
4.781250
14.390625
21.265625
29.984375
28.390625
16.265625
10.359375
8.531250
5.031250
12.187500
17.656250
23.734375
25.671875
17.250000
18.171875
21.890625
21.265625
25.046875
9.750000
5.562500
4.875000
3.203125
2.937500
3.046875
2.015625
2.625000
2.062500
2.078125
1.890625
3.296875
3.750000
2.640625
2.921875
5.390625
15.109375
26.437500
27.390625
18.781250
12.406250
9.000000
22.890625
14.515625
9.296875
0.937500
6.843750
0.453125
0.000000
0.000000
7.203125
1.109375
0.000000
0.000000
0.000000
1.234375
5.078125
12.593750
8.640625
3.312500
0.765625
0.000000
0.000000
0.000000
0.000000
0.000000
0.000000
0.000000
0.000000
0.000000
0.000000
0.000000
0.000000
0.000000
0.000000
0.000000
0.000000
0.000000
0.000000
2.625000
21.437500
44.546875
48.281250
45.437500
40.078125
26.750000
13.796875
7.140625
0.000000
0.000000
0.015625
0.000000
0.000000
0.000000
0.000000
0.000000
0.000000
0.000000
0.000000
0.000000
0.000000
0.000000
2.562500
2.812500
1.390625
0.000000
0.000000
0.000000
0.000000
0.000000
0.000000
0.000000
0.000000
0.000000
0.000000
0.000000
0.000000
0.000000
0.000000
0.000000
0.000000
0.000000
0.000000
5.578125
10.093750
14.703125
7.765625
0.000000
0.000000
0.250000
0.000000
12.562500
20.765625
16.781250
4.000000
0.000000
0.000000
0.000000
0.000000
0.000000
0.000000
0.000000
0.000000
0.000000
0.000000
3.312500
7.531250
9.140625
10.328125
10.109375
10.859375
11.937500
11.421875
10.703125
11.296875
14.468750
13.843750
0.000000
0.000000
0.000000
0.000000
0.000000
0.000000
0.000000
0.000000
0.000000
1.546875
1.656250
2.656250
3.812500
0.000000
0.000000
0.000000
0.000000
2.093750
10.703125
16.000000
10.078125
0.000000
0.078125
0.000000
0.000000
0.000000
0.000000
0.000000
0.000000
0.000000
0.000000
0.000000
0.000000
0.000000
0.000000
0.000000
0.000000
0.000000
0.000000
0.000000
0.000000
0.000000
0.000000
0.000000
0.000000
0.000000
0.000000
0.000000
0.000000
0.000000
0.000000
0.000000
0.000000
0.000000
0.000000
0.000000
0.000000
0.000000
0.000000
0.000000
0.000000
0.000000
0.000000
0.000000
0.000000
0.000000
0.000000
0.000000
0.000000
0.000000
0.000000
0.000000
0.000000
0.000000
0.000000
0.000000
0.000000
0.000000
0.000000
0.000000
0.000000
0.000000
0.000000
0.000000
0.000000
0.000000
0.000000
0.000000
0.000000
0.000000
0.000000
0.000000
0.000000
0.000000
0.000000
0.000000
0.000000
0.000000
0.000000
0.000000
0.000000
0.000000
0.000000
0.000000
0.000000
5.109375
8.187500
9.031250
8.468750
7.078125
6.156250
7.078125
7.078125
7.234375
7.953125
7.718750
8.046875
7.968750
9.078125
14.296875
19.203125
24.671875
30.593750
39.843750
49.796875
52.765625
49.765625
38.703125
28.078125
20.656250
12.140625
8.937500
9.750000
9.812500
8.937500
13.046875
13.671875
14.593750
10.843750
12.312500
19.500000
19.796875
21.296875
25.843750
19.390625
