1.718750
0.265625
0.000000
0.000000
0.000000
0.000000
0.000000
0.000000
0.000000
0.000000
0.000000
0.000000
0.000000
0.000000
0.000000
0.000000
0.000000
0.000000
10.125000
9.421875
0.000000
7.281250
1.968750
0.000000
0.000000
0.000000
0.000000
0.000000
0.000000
0.000000
0.000000
0.000000
1.359375
0.000000
0.000000
0.000000
0.000000
0.000000
0.000000
5.656250
1.828125
1.390625
3.312500
3.546875
3.812500
3.750000
4.015625
4.312500
4.296875
4.453125
4.656250
4.843750
5.109375
5.046875
4.968750
5.468750
5.718750
2.234375
0.000000
0.000000
0.000000
0.000000
0.000000
6.828125
6.765625
7.234375
8.187500
8.953125
8.968750
9.500000
9.453125
5.609375
3.000000
5.750000
7.781250
7.703125
7.062500
7.812500
2.046875
0.000000
0.000000
0.000000
0.000000
0.000000
0.000000
0.000000
0.000000
0.000000
0.000000
0.000000
0.000000
0.000000
0.000000
0.000000
0.000000
0.000000
0.000000
0.000000
0.000000
0.000000
0.000000
0.000000
0.000000
0.000000
0.000000
0.000000
0.000000
0.000000
0.000000
0.000000
0.000000
0.000000
0.000000
0.000000
0.000000
0.000000
0.000000
0.000000
0.000000
2.328125
1.859375
2.265625
0.000000
0.156250
0.000000
0.000000
0.140625
0.000000
0.000000
0.000000
0.000000
0.078125
0.000000
0.687500
1.453125
0.390625
0.000000
0.453125
0.000000
0.000000
0.000000
8.546875
6.453125
0.000000
0.000000
0.000000
0.000000
0.000000
0.000000
0.000000
0.656250
7.250000
10.109375
4.421875
0.265625
0.875000
1.281250
0.500000
1.671875
9.609375
2.968750
1.734375
3.375000
3.781250
3.796875
3.953125
3.953125
4.312500
4.453125
4.203125
4.234375
4.671875
4.687500
4.375000
5.265625
5.156250
4.187500
2.296875
4.296875
0.062500
0.968750
0.000000
0.875000
3.812500
4.406250
4.390625
4.796875
5.609375
5.484375
5.968750
4.796875
3.015625
3.625000
6.062500
6.531250
6.812500
6.062500
5.937500
2.609375
5.406250
0.000000
0.000000
0.000000
0.000000
0.000000
0.000000
0.000000
0.000000
0.000000
0.000000
0.000000
0.000000
0.000000
0.000000
0.000000
0.000000
0.312500
2.515625
4.937500
2.453125
0.000000
6.796875
3.687500
0.000000
0.000000
0.000000
0.000000
0.000000
0.000000
0.000000
2.609375
9.656250
10.203125
3.531250
0.000000
0.000000
0.375000
1.328125
6.609375
8.140625
0.000000
0.000000
0.031250
0.515625
0.562500
0.500000
0.500000
0.625000
0.828125
0.625000
0.484375
0.703125
0.687500
0.093750
0.468750
0.796875
1.734375
1.890625
5.703125
14.781250
16.781250
1.812500
0.000000
0.000000
0.593750
0.000000
0.546875
1.046875
0.015625
0.781250
0.062500
0.000000
0.000000
0.718750
0.875000
0.968750
0.718750
1.656250
1.781250
4.296875
2.890625
3.218750
2.734375
3.546875
3.453125
4.046875
3.828125
3.687500
4.296875
4.437500
4.031250
4.593750
4.937500
4.078125
4.421875
4.328125
3.671875
0.000000
0.000000
0.000000
0.000000
0.000000
4.812500
4.828125
7.093750
7.312500
6.937500
7.296875
8.171875
9.625000
8.031250
4.562500
3.328125
4.031250
5.453125
6.343750
5.406250
4.062500
0.000000
0.000000
2.453125
5.718750
5.468750
6.640625
6.687500
6.875000
7.234375
7.765625
7.640625
7.640625
8.343750
8.562500
8.703125
9.781250
10.265625
9.640625
8.437500
8.453125
8.718750
0.000000
0.000000
13.109375
4.296875
7.406250
9.390625
10.390625
11.500000
12.187500
12.765625
13.843750
14.890625
16.765625
15.406250
14.078125
13.453125
14.140625
14.078125
12.687500
14.671875
17.203125
0.000000
0.000000
0.000000
0.000000
0.000000
0.000000
0.000000
0.000000
0.000000
0.000000
0.000000
0.000000
0.000000
0.000000
0.000000
0.000000
0.000000
0.000000
0.000000
4.578125
0.000000
0.000000
0.000000
0.000000
0.000000
0.000000
0.000000
0.000000
0.000000
0.000000
0.000000
0.000000
0.000000
0.000000
0.000000
0.000000
0.000000
0.000000
0.000000
1.515625
0.000000
3.328125
4.312500
5.390625
5.671875
5.625000
6.046875
6.484375
6.296875
6.296875
6.890625
7.171875
7.187500
7.500000
7.593750
7.796875
6.812500
8.046875
7.281250
0.000000
3.046875
0.000000
0.000000
6.781250
7.953125
8.328125
9.843750
10.359375
10.281250
11.406250
12.609375
7.953125
3.218750
5.484375
10.250000
11.078125
10.171875
10.265625
10.109375
0.000000
0.000000
1.812500
0.843750
0.906250
0.734375
1.000000
0.937500
1.046875
0.859375
1.046875
1.125000
1.203125
1.234375
1.203125
1.593750
1.140625
1.203125
2.250000
2.421875
0.000000
0.000000
0.000000
0.375000
0.203125
1.062500
1.375000
1.296875
1.281250
1.625000
2.156250
2.984375
3.562500
2.796875
1.625000
1.500000
2.156250
1.687500
2.046875
4.593750
0.515625
4.078125
2.171875
1.187500
0.703125
0.250000
0.546875
0.531250
0.078125
0.437500
1.031250
0.750000
0.593750
0.718750
0.000000
0.000000
0.000000
0.000000
0.000000
0.000000
0.000000
0.000000
0.000000
3.156250
2.843750
3.000000
4.093750
3.015625
2.437500
4.250000
4.140625
0.000000
0.000000
0.000000
0.000000
0.000000
0.000000
0.000000
0.000000
0.000000
0.000000
2.234375
1.203125
2.609375
2.031250
2.203125
2.187500
2.093750
2.484375
2.296875
2.140625
2.359375
2.390625
2.218750
2.890625
2.968750
2.609375
2.109375
4.859375
6.453125
0.000000
7.421875
0.000000
0.000000
1.984375
1.093750
1.218750
1.640625
1.546875
1.468750
1.390625
1.656250
1.203125
1.750000
3.671875
3.640625
3.437500
3.000000
4.140625
5.890625
4.546875
0.000000
0.078125
0.000000
0.000000
0.000000
0.000000
0.000000
0.000000
0.000000
0.000000
0.000000
0.000000
0.000000
0.000000
0.000000
0.000000
0.000000
0.000000
12.375000
7.093750
0.750000
0.000000
1.515625
0.000000
0.000000
0.000000
0.000000
0.000000
0.000000
0.000000
0.000000
0.000000
0.000000
0.000000
0.000000
0.000000
0.000000
0.000000
0.000000
13.406250
0.000000
0.171875
1.750000
1.484375
1.968750
1.609375
1.656250
2.312500
1.796875
1.906250
2.359375
2.078125
2.281250
2.890625
2.390625
2.828125
4.671875
8.218750
11.453125
0.000000
3.765625
0.000000
0.000000
2.234375
2.093750
2.281250
2.906250
3.453125
3.046875
3.250000
5.203125
4.531250
1.375000
2.265625
3.593750
4.000000
4.031250
7.187500
11.234375
6.656250
