0000
0000
0000
0000
0000
0000
0000
0000
0000
0000
0000
0000
0000
0000
0000
0000
0000
0000
0000
0000
0000
0000
0000
0000
0000
0000
0000
0000
0000
0000
0000
0000
0000
0000
0000
0000
0000
0000
0000
0000
0000
0000
0000
0000
0000
0000
0000
0000
0000
0000
0000
0000
0000
0000
0000
0000
0000
0000
0000
0000
0000
0000
0000
0000
0000
0000
0000
0000
0000
0000
0000
0000
0000
0000
0000
0000
0000
0000
0000
0000
0000
0000
0000
003c
0052
001b
0004
0000
0000
0000
0000
0007
0003
0000
0005
0000
0000
0000
0000
0000
0000
0000
0006
0009
0000
0000
000a
0003
001d
0039
001b
0000
0000
0000
0000
0000
0000
0000
0000
0000
0000
0000
0237
04cd
059c
02a9
00cd
0000
0000
0000
0000
0000
0000
0000
0000
0000
0000
0000
0000
0000
0000
000b
005e
00e9
014d
0187
0138
00e7
008e
0035
0022
0035
0025
0017
0000
0000
0000
0021
00b3
020f
