1.359375
1.156250
2.187500
2.812500
3.031250
3.015625
3.031250
3.109375
3.031250
3.015625
3.140625
3.187500
3.187500
3.281250
3.453125
3.468750
3.484375
3.375000
3.343750
3.484375
3.515625
3.546875
3.625000
3.578125
3.609375
3.859375
3.906250
3.968750
4.296875
4.296875
4.265625
4.125000
3.968750
2.937500
2.531250
3.531250
1.484375
0.000000
0.000000
0.000000
0.000000
0.000000
0.000000
0.656250
3.078125
3.343750
3.515625
3.515625
3.671875
3.765625
4.046875
4.109375
4.281250
4.312500
4.328125
4.265625
4.593750
4.671875
4.906250
5.265625
5.250000
6.046875
7.093750
7.578125
7.296875
7.109375
6.937500
6.453125
5.343750
5.218750
5.593750
5.718750
5.687500
5.625000
5.500000
5.015625
4.984375
6.531250
5.062500
4.203125
0.578125
0.046875
0.000000
0.000000
0.218750
0.109375
0.203125
0.187500
0.203125
0.171875
0.156250
0.109375
0.109375
0.109375
0.234375
0.281250
0.312500
0.187500
0.125000
0.093750
0.093750
0.093750
0.156250
0.093750
0.062500
0.046875
0.187500
0.250000
0.515625
0.468750
0.421875
0.296875
0.203125
0.000000
0.000000
2.593750
3.390625
0.703125
2.406250
2.656250
4.000000
5.375000
5.562500
2.796875
1.312500
0.062500
0.000000
0.000000
0.000000
0.000000
0.000000
0.000000
0.000000
0.000000
0.000000
0.000000
0.000000
0.000000
0.000000
0.000000
0.000000
0.171875
1.171875
1.687500
1.546875
1.718750
1.593750
1.140625
0.109375
0.093750
0.406250
0.609375
0.687500
0.625000
0.671875
0.078125
0.546875
4.296875
4.437500
4.453125
