0000
0000
0000
0000
0000
0000
0000
0000
0000
0000
0000
0000
0000
0000
0000
0000
0000
0000
0000
0000
04e3
0254
00f1
0019
0000
0000
0000
0000
0000
0000
0000
0000
0000
0000
0000
0000
0000
0000
0000
0000
004e
0017
0000
0000
0000
0000
0000
0000
0000
0000
0000
0000
0000
0000
0000
0000
0025
018b
01f9
08d3
06ae
031d
0397
028b
0121
00a5
0065
00b5
00d0
0050
0000
0100
027e
0258
0079
0000
0000
009a
0025
0000
0034
0000
016c
0259
028b
02aa
02a5
02f0
02fa
02ae
02d0
0307
0308
037b
03ea
037a
02d0
04a4
029b
0000
0000
0000
0000
0000
0125
00d6
0131
01d9
01cf
011d
00ae
01ad
0414
056d
0558
04cd
04af
03cc
0640
0762
000b
0000
0000
0038
0054
008c
0080
005c
00a7
0097
0054
008f
00e4
00b6
00f5
0141
0289
041b
02a8
0633
01a8
0000
0000
0000
0000
0043
0000
0023
00a9
017e
022c
0376
019d
0000
00a2
018b
0216
0389
043f
0000
0002
0106
00c1
00b0
00ab
008d
00b9
00b7
00aa
00ae
00ac
00c2
00e5
00e9
00ed
014c
0306
0605
05ec
0801
0352
0241
0164
0000
0054
0058
00b5
0093
004c
0130
0258
017b
00b5
0063
00f2
015a
01d7
045e
048a
021b
001e
0017
004b
001e
004d
002b
0000
0055
0024
0001
005a
0013
0000
0000
0000
0000
0000
0000
0019
0000
0000
0000
0000
0000
000f
0000
0000
0032
000c
0000
0000
0000
0000
0000
0000
0000
0000
0000
0000
048c
0000
0000
0000
0000
0001
0000
0000
0022
0012
0000
0000
0000
0000
0000
0000
0029
0000
0000
025e
0000
0000
0000
0000
0000
0000
0000
0000
00cc
0019
0000
025c
02ce
0000
0000
0000
001b
0000
0000
0000
0000
0000
0000
0000
0000
0000
0000
0000
0000
0000
0000
0000
0000
0000
0000
0000
0000
0000
0000
0000
0000
0000
0000
0000
002d
0000
0000
0000
0000
0000
000b
003c
0000
0000
0000
0000
0000
0000
0000
0000
0000
