0000
0000
0003
0011
0013
000e
000f
0011
000e
000c
000d
0013
0011
000f
000f
0010
0013
0010
0012
0010
000c
0012
0014
0013
0011
0011
0011
0011
0014
0014
0014
0016
0011
0015
0019
0014
0017
001b
0015
0018
001a
0019
001b
001b
001c
001b
001d
001b
001d
001b
0018
001b
001f
0020
001e
001c
001a
001d
0023
0020
001c
0019
001b
001e
0020
0020
0020
0020
001c
001d
0025
001f
0016
0011
0012
002d
0021
0000
0000
0000
0000
001a
0017
0000
0014
0036
0041
002d
0023
0026
002c
0029
002a
002c
002e
0029
002c
0033
0030
0030
0031
0032
0037
0031
0036
0039
0034
003d
0039
003a
0038
003a
003e
003f
0043
003f
003d
0042
0042
0048
0045
0045
0047
0047
0049
004a
004f
004c
0045
0044
0049
0043
0043
003b
003a
0039
0038
0036
0037
0035
0033
0033
0036
003a
0035
0035
0030
0034
003a
0036
0032
0032
0034
0030
0033
0037
0034
0019
0000
005f
002b
004e
0032
0003
0001
0002
0005
0002
0000
0006
000a
000f
000a
0007
000a
0009
000a
0009
0009
0002
0008
000a
000a
0008
0007
0007
000a
0008
0006
0008
0006
0007
0007
0009
0007
000b
000e
000a
0008
000b
0008
0008
0009
0003
0004
0005
0008
000c
0009
0008
000a
0009
0008
0009
0003
0000
0000
0002
0004
0004
0004
0002
0006
0005
0006
0006
0005
0003
000d
0014
000b
0000
0000
0000
0000
0000
0000
0000
000c
0056
008e
008e
007d
0092
0090
005a
0014
0000
0004
000b
000b
0009
0012
0011
000e
0010
0012
0010
000b
0011
0017
0015
0013
0013
000f
0010
000c
0012
000c
000a
0007
0009
0012
0015
0016
000f
000d
000c
0013
0012
0010
000b
000c
0005
0000
0000
0000
0000
0000
0000
0000
0000
0000
0000
0000
0000
0000
0000
0000
0000
0000
0000
0003
0002
0000
0000
0000
0000
0000
0000
0000
0000
0000
0002
0008
0000
0000
0000
0000
0000
