0.375000
0.093750
0.093750
0.593750
1.265625
1.281250
1.281250
1.343750
1.390625
1.390625
1.093750
0.968750
1.078125
1.203125
1.250000
1.203125
1.218750
1.140625
1.234375
1.375000
1.375000
1.171875
1.109375
1.171875
1.281250
1.265625
1.296875
1.312500
1.234375
1.312500
1.312500
1.328125
1.390625
1.406250
1.421875
1.328125
1.250000
1.296875
1.375000
1.375000
1.359375
1.343750
1.375000
1.468750
1.578125
1.562500
1.484375
1.406250
1.453125
1.515625
1.609375
1.562500
1.437500
1.406250
1.578125
1.796875
1.921875
1.812500
1.609375
1.609375
1.687500
1.750000
1.781250
1.718750
1.671875
1.671875
1.734375
1.843750
1.609375
1.312500
1.359375
1.593750
2.140625
2.609375
2.703125
1.937500
0.750000
0.328125
0.218750
0.109375
0.031250
0.000000
0.000000
0.000000
0.046875
0.171875
0.703125
1.890625
2.171875
1.890625
1.921875
1.875000
1.828125
1.734375
1.796875
1.812500
1.718750
1.875000
1.953125
1.906250
1.796875
1.734375
1.875000
2.015625
2.062500
2.234375
2.281250
2.156250
2.171875
2.421875
2.593750
2.609375
2.406250
2.156250
2.093750
2.281250
2.625000
2.718750
2.656250
2.546875
2.578125
2.671875
2.718750
2.890625
3.062500
3.093750
3.093750
3.171875
3.218750
3.046875
2.953125
2.796875
2.734375
2.687500
2.687500
2.625000
2.531250
2.468750
2.453125
2.515625
2.640625
2.562500
2.343750
2.265625
2.296875
2.484375
2.578125
2.531250
2.359375
2.312500
2.375000
2.359375
2.421875
2.328125
2.125000
1.890625
2.500000
4.250000
3.125000
1.796875
0.750000
0.671875
0.843750
1.625000
1.703125
1.203125
1.171875
1.234375
1.343750
1.140625
0.890625
0.812500
1.125000
1.468750
1.437500
1.250000
1.203125
1.125000
1.281250
1.453125
1.500000
1.171875
1.031250
1.203125
1.390625
1.578125
1.531250
1.437500
1.390625
1.390625
1.406250
1.515625
1.500000
1.468750
1.296875
1.296875
1.312500
1.484375
1.640625
1.593750
1.500000
1.546875
1.578125
1.687500
1.796875
1.640625
1.546875
1.437500
1.546875
1.734375
1.765625
1.703125
1.609375
1.671875
1.890625
2.187500
2.093750
1.687500
1.453125
1.515625
1.828125
2.093750
2.015625
1.812500
1.656250
1.671875
1.750000
1.843750
1.765625
1.515625
1.656250
2.515625
2.750000
1.796875
0.078125
0.000000
0.000000
0.000000
0.000000
0.000000
0.312500
0.812500
3.203125
4.343750
2.343750
0.812500
1.578125
2.687500
2.562500
2.234375
2.031250
2.000000
1.937500
1.890625
2.156250
2.296875
2.343750
2.156250
2.203125
2.140625
2.046875
2.203125
2.500000
2.703125
2.750000
2.718750
2.609375
2.531250
2.593750
3.015625
3.078125
2.906250
2.500000
2.265625
2.609375
3.171875
3.468750
3.359375
2.921875
2.734375
2.937500
3.406250
3.750000
3.875000
3.984375
3.625000
3.453125
3.406250
3.421875
3.000000
2.562500
2.453125
2.515625
2.609375
2.593750
2.437500
2.453125
2.546875
2.640625
2.828125
2.859375
2.609375
2.375000
2.375000
2.718750
3.000000
2.984375
2.671875
2.281250
2.296875
2.484375
2.546875
2.484375
2.531250
2.484375
3.281250
3.234375
2.828125
1.890625
0.000000
