7.171875
8.406250
10.750000
16.328125
13.890625
16.265625
16.140625
19.250000
20.718750
20.171875
21.687500
23.406250
25.468750
38.859375
30.171875
40.015625
43.609375
41.265625
45.875000
29.609375
0.000000
20.781250
10.578125
9.437500
23.828125
28.609375
30.453125
35.781250
49.265625
51.921875
31.656250
21.515625
29.953125
39.984375
47.593750
45.562500
42.812500
17.125000
25.312500
27.265625
5.546875
0.000000
0.765625
0.328125
0.625000
0.781250
3.078125
5.578125
7.796875
8.890625
8.984375
9.562500
10.453125
16.578125
15.187500
18.250000
3.046875
12.671875
42.281250
32.937500
40.265625
37.796875
27.515625
17.750000
1.171875
4.234375
1.500000
2.296875
12.281250
4.984375
3.171875
4.656250
3.656250
14.109375
25.875000
28.937500
18.656250
2.234375
8.484375
8.093750
0.000000
0.000000
0.000000
0.000000
0.000000
0.000000
0.000000
0.000000
0.000000
0.000000
0.000000
0.000000
0.000000
0.000000
0.000000
0.000000
0.000000
0.000000
0.000000
4.578125
0.468750
0.000000
0.000000
0.000000
0.000000
0.000000
0.000000
0.000000
0.000000
0.000000
0.000000
0.000000
0.000000
0.000000
0.000000
0.000000
0.000000
0.000000
0.000000
1.515625
9.406250
13.828125
16.500000
18.343750
18.359375
16.187500
11.468750
9.437500
8.453125
8.484375
9.375000
9.265625
9.484375
8.218750
1.968750
1.750000
2.625000
8.546875
5.437500
8.625000
55.000000
56.171875
76.890625
74.640625
72.328125
59.562500
43.156250
30.656250
18.281250
19.515625
29.109375
35.968750
31.734375
25.843750
28.421875
23.171875
16.234375
21.250000
34.781250
34.765625
0.000000
3.328125
9.062500
7.531250
8.281250
5.625000
6.046875
6.484375
6.296875
6.296875
6.890625
7.171875
7.187500
7.500000
7.593750
7.796875
6.812500
8.046875
7.281250
0.000000
3.046875
34.765625
25.375000
27.203125
39.046875
20.765625
12.250000
10.359375
10.281250
11.406250
12.609375
7.953125
3.218750
5.484375
10.250000
11.078125
10.171875
17.265625
43.843750
8.203125
5.515625
2.828125
0.171875
0.000000
0.000000
0.000000
0.000000
0.000000
0.000000
0.000000
0.000000
0.000000
0.000000
0.000000
1.734375
8.937500
22.937500
12.046875
19.046875
19.203125
17.796875
0.000000
4.281250
0.000000
0.000000
0.000000
0.000000
7.234375
13.281250
13.968750
6.953125
2.625000
0.000000
0.000000
0.234375
2.906250
0.000000
0.000000
0.000000
0.000000
11.625000
6.625000
8.750000
3.265625
1.734375
4.703125
0.937500
1.046875
0.859375
1.046875
1.125000
1.203125
1.234375
13.468750
3.921875
1.140625
1.203125
2.250000
2.421875
0.000000
0.000000
0.000000
0.375000
0.203125
21.953125
17.937500
18.625000
24.062500
25.468750
25.921875
2.984375
3.562500
2.796875
1.625000
1.500000
2.156250
1.687500
2.046875
4.593750
0.515625
14.296875
14.156250
13.015625
2.625000
3.000000
2.609375
3.187500
3.546875
3.265625
3.703125
3.953125
3.609375
4.562500
5.656250
5.078125
6.171875
8.156250
15.093750
12.609375
0.000000
33.718750
64.421875
68.250000
76.062500
68.140625
48.859375
28.609375
11.265625
14.000000
26.265625
22.390625
20.421875
16.609375
10.828125
9.390625
10.015625
11.171875
13.359375
20.875000
15.187500
