2.640625
2.671875
2.687500
2.406250
1.812500
1.828125
1.796875
1.750000
1.781250
1.859375
1.937500
1.921875
1.937500
1.953125
2.000000
2.015625
2.015625
2.046875
2.046875
2.156250
2.171875
2.140625
2.109375
2.140625
2.218750
2.296875
2.312500
2.296875
2.296875
2.281250
2.281250
2.312500
2.359375
2.343750
2.453125
2.515625
2.515625
2.609375
2.640625
2.640625
2.656250
2.640625
2.625000
2.656250
2.609375
2.640625
2.671875
2.656250
2.718750
2.781250
2.843750
2.843750
2.859375
2.812500
2.875000
2.859375
2.859375
2.812500
2.828125
2.765625
2.812500
2.890625
2.890625
2.859375
2.875000
2.843750
2.828125
3.000000
3.171875
3.156250
3.109375
3.203125
3.156250
3.031250
2.625000
2.218750
1.812500
1.437500
2.125000
2.328125
1.968750
3.375000
5.218750
5.562500
5.078125
5.359375
4.703125
3.765625
3.750000
3.781250
3.812500
3.937500
3.953125
4.015625
4.093750
4.203125
4.250000
4.343750
4.375000
4.531250
4.531250
4.578125
4.718750
4.734375
4.843750
4.875000
4.937500
5.015625
5.093750
5.093750
5.171875
5.281250
5.328125
5.375000
5.531250
5.640625
5.765625
5.765625
5.812500
5.828125
5.921875
6.046875
6.109375
6.171875
6.125000
6.031250
6.015625
5.953125
5.843750
5.781250
5.562500
5.312500
5.078125
4.921875
4.796875
4.656250
4.531250
4.421875
4.390625
4.359375
4.390625
4.421875
4.421875
4.343750
4.296875
4.421875
4.406250
4.406250
4.375000
4.281250
4.203125
4.203125
4.265625
4.390625
4.375000
4.390625
4.578125
4.500000
3.265625
2.500000
1.968750
2.000000
2.125000
1.875000
1.687500
1.687500
1.640625
1.578125
1.640625
1.625000
1.718750
1.734375
1.796875
1.875000
1.890625
1.906250
1.906250
1.875000
1.921875
1.984375
2.000000
2.015625
1.968750
2.015625
2.078125
2.125000
2.125000
2.171875
2.140625
2.125000
2.156250
2.250000
2.281250
2.312500
2.312500
2.359375
2.437500
2.500000
2.515625
2.515625
2.515625
2.515625
2.531250
2.578125
2.609375
2.625000
2.578125
2.578125
2.687500
2.750000
2.765625
2.812500
2.828125
2.828125
2.859375
2.906250
2.906250
2.937500
2.875000
2.796875
2.843750
2.875000
2.937500
2.953125
2.937500
2.890625
2.937500
3.015625
3.093750
3.109375
3.093750
3.218750
3.234375
3.656250
4.531250
4.765625
4.218750
3.328125
2.765625
3.203125
3.437500
4.281250
5.859375
6.234375
5.875000
5.390625
4.500000
4.156250
3.890625
3.921875
3.937500
3.984375
4.000000
4.078125
4.234375
4.281250
4.390625
4.421875
4.484375
4.578125
4.609375
4.781250
4.937500
5.000000
5.093750
5.156250
5.203125
5.234375
5.265625
5.375000
5.453125
5.515625
5.562500
5.578125
5.828125
5.968750
6.140625
6.156250
6.203125
6.171875
6.312500
6.484375
6.609375
6.687500
6.687500
6.625000
6.578125
6.468750
6.375000
6.281250
6.031250
5.703125
5.359375
5.187500
4.953125
4.921875
4.734375
4.703125
4.656250
4.718750
4.734375
4.718750
4.734375
4.656250
4.703125
4.781250
4.812500
4.828125
4.656250
4.546875
4.406250
4.406250
4.515625
4.515625
4.546875
4.578125
4.921875
5.734375
6.781250
5.781250
