0.078125
0.093750
0.093750
0.109375
0.125000
0.093750
0.125000
0.109375
0.109375
0.109375
0.109375
0.125000
0.093750
0.093750
0.109375
0.125000
0.109375
0.125000
0.140625
0.109375
0.093750
0.109375
0.109375
0.109375
0.109375
0.093750
0.109375
0.109375
0.093750
0.109375
0.109375
0.109375
0.109375
0.125000
0.125000
0.109375
0.125000
0.093750
0.093750
0.093750
0.093750
0.093750
0.093750
0.093750
0.093750
0.109375
0.125000
0.109375
0.140625
0.109375
0.093750
0.093750
0.109375
0.109375
0.109375
0.093750
0.125000
0.125000
0.125000
0.125000
0.093750
0.093750
0.125000
0.125000
0.125000
0.125000
0.109375
0.109375
0.109375
0.140625
0.140625
0.109375
0.109375
0.093750
0.156250
0.234375
0.312500
0.328125
0.218750
0.109375
0.031250
0.000000
0.000000
0.000000
0.046875
0.171875
0.140625
0.125000
0.093750
0.109375
0.109375
0.109375
0.125000
0.125000
0.109375
0.093750
0.125000
0.140625
0.125000
0.140625
0.125000
0.125000
0.109375
0.109375
0.140625
0.109375
0.140625
0.156250
0.140625
0.140625
0.125000
0.156250
0.156250
0.156250
0.171875
0.125000
0.125000
0.125000
0.171875
0.171875
0.156250
0.156250
0.140625
0.125000
0.140625
0.156250
0.187500
0.171875
0.140625
0.187500
0.203125
0.171875
0.171875
0.156250
0.171875
0.171875
0.156250
0.140625
0.140625
0.125000
0.125000
0.140625
0.140625
0.125000
0.109375
0.109375
0.109375
0.140625
0.140625
0.140625
0.140625
0.156250
0.140625
0.140625
0.140625
0.140625
0.125000
0.125000
0.234375
0.546875
0.296875
0.109375
0.109375
0.109375
0.109375
0.093750
0.093750
0.109375
0.109375
0.109375
0.109375
0.109375
0.125000
0.125000
0.125000
0.125000
0.109375
0.125000
0.125000
0.140625
0.125000
0.093750
0.078125
0.093750
0.125000
0.156250
0.140625
0.125000
0.109375
0.125000
0.125000
0.140625
0.125000
0.140625
0.125000
0.140625
0.125000
0.140625
0.125000
0.125000
0.125000
0.125000
0.125000
0.156250
0.171875
0.125000
0.140625
0.156250
0.140625
0.140625
0.140625
0.140625
0.140625
0.140625
0.156250
0.171875
0.140625
0.093750
0.109375
0.125000
0.171875
0.171875
0.156250
0.140625
0.125000
0.125000
0.125000
0.171875
0.156250
0.140625
0.140625
0.171875
0.203125
0.078125
0.000000
0.000000
0.000000
0.000000
0.000000
0.000000
0.312500
0.812500
1.046875
0.734375
0.250000
0.062500
0.109375
0.218750
0.203125
0.187500
0.187500
0.187500
0.171875
0.187500
0.218750
0.218750
0.234375
0.218750
0.234375
0.203125
0.218750
0.234375
0.218750
0.234375
0.265625
0.250000
0.234375
0.218750
0.234375
0.265625
0.265625
0.234375
0.234375
0.250000
0.265625
0.312500
0.312500
0.296875
0.265625
0.265625
0.296875
0.328125
0.312500
0.312500
0.296875
0.250000
0.250000
0.218750
0.234375
0.171875
0.140625
0.140625
0.140625
0.171875
0.171875
0.140625
0.156250
0.171875
0.187500
0.218750
0.203125
0.187500
0.187500
0.171875
0.203125
0.234375
0.203125
0.187500
0.140625
0.171875
0.187500
0.203125
0.203125
0.218750
0.187500
0.203125
0.203125
0.203125
0.000000
0.000000
