0258
02d3
0340
02b9
01e0
0182
0160
016b
0168
0171
018c
01ae
01d3
01c2
034d
00f8
014d
0000
0000
0000
0132
0399
0551
077f
0719
0411
0297
0222
0142
030c
046a
05ef
066b
0450
048b
0579
0551
0643
0270
0164
0138
00cd
00bc
00c3
0081
00a8
0084
0085
0079
00d3
00f0
00a9
00bb
0159
03c7
069c
06d9
04b2
031a
0240
05b9
03a1
0253
003c
01b6
001d
0000
0000
01cd
0047
0000
0000
0000
004f
0145
0326
0229
00d4
0031
0000
0000
0000
0000
0000
0000
0000
0000
0000
0000
0000
0000
0000
0000
0000
0000
0000
0000
00a8
055c
0b23
0c12
0b5c
0a05
06b0
0373
01c9
0000
0000
0001
0000
0000
0000
0000
0000
0000
0000
0000
0000
0000
0000
00a4
00b4
0059
0000
0000
0000
0000
0000
0000
0000
0000
0000
0000
0000
0000
0000
0000
0000
0000
0000
0000
0165
0286
03ad
01f1
0000
0000
0010
0000
0324
0531
0432
0100
0000
0000
0000
0000
0000
0000
0000
0000
0000
0000
00d4
01e2
0249
0295
0287
02b7
02fc
02db
02ad
02d3
039e
0376
0000
0000
0000
0000
0000
0000
0000
0000
0000
0063
006a
00aa
00f4
0000
0000
0000
0000
0086
02ad
0400
0285
0000
0005
0000
0000
0000
0000
0000
0000
0000
0000
0000
0000
0000
0000
0000
0000
0000
0000
0000
0000
0000
0000
0000
0000
0000
0000
0000
0000
0000
0000
0000
0000
0000
0000
0000
0000
0000
0000
0000
0000
0000
0000
0000
0000
0000
0000
0000
0000
0000
0000
0000
0000
0000
0000
0000
0000
0000
0000
0000
0000
0000
0000
0000
0000
0000
0000
0000
0000
0000
0000
0000
0000
0000
0000
0000
0000
0000
0000
0000
0000
0000
0000
0000
0000
0147
020c
0242
021e
01c5
018a
01c5
01c5
01cf
01fd
01ee
0203
01fe
0245
0393
04cd
062b
07a6
09f6
0c73
0d31
0c71
09ad
0705
052a
0309
023c
0270
0274
023c
0343
036b
03a6
02b6
0314
04e0
04f3
0553
0676
04d9
0226
0079
00d5
0224
0231
033c
036f
0385
0402
03e3
03cf
045f
0479
0558
07c8
0894
0c4c
0bc4
10f1
0e30
0b92
052d
0461
0000
0000
0083
0112
038a
0480
04a5
0329
010e
04f1
08b9
0994
08d3
08fb
0741
034c
0904
0040
0066
002a
0178
0142
0048
0000
0000
0000
0000
0000
0000
0000
0000
0000
0000
0000
0000
0000
0000
0000
0000
0000
0000
0000
0000
0000
0000
0000
0000
0000
0000
0000
0000
0000
0000
0000
0000
0000
01ff
0000
0000
0000
0000
0000
0000
0000
0000
0000
0000
0000
0000
0000
0000
0000
0000
0000
0000
0000
0000
0000
0000
0000
0000
0000
0000
0000
0000
0000
0000
0000
0000
0000
0000
0000
0000
0000
0000
0000
0625
00ef
00dd
01cc
00af
0000
0000
0071
00c1
00a5
0053
0068
00d0
009c
003d
0000
0000
0073
0000
0000
0000
005c
027c
037d
0000
0000
0000
0000
0032
0000
0068
0064
0000
0000
0000
0000
0000
0000
045e
056d
0542
0202
0330
03ad
01bc
0000
0000
0000
0000
0000
0000
0000
0000
0000
0000
0000
0000
0000
0000
028c
0710
0736
0bc8
0ca8
0cb4
0ab9
03e6
0233
00eb
00e9
04f9
0573
0205
0000
0000
0000
0000
00f7
058a
0000
0000
0056
0000
0000
0250
0313
032e
026c
02a9
0347
0318
028e
02a1
02f2
0403
0565
0000
0000
0000
0000
0000
0000
0000
0000
0000
0000
0000
0000
008b
0000
0000
0000
0000
02c9
0523
037b
0149
0000
0000
0000
0969
02d1
0214
0083
0035
0000
0000
0000
0000
0000
0000
0000
0000
0000
0000
0000
0000
0000
00e3
0232
0539
0995
08af
0a19
0be0
04ce
0200
022e
01e5
0285
0575
0337
0000
0000
0000
0000
0000
01a6
0000
0000
01ab
01c4
0189
010d
0036
00cb
01fc
022e
0243
0283
02df
0378
0382
0361
0448
07ac
03ee
0284
0000
0000
0000
0000
0000
0000
0000
0000
0000
0107
03be
043d
037b
0443
03d2
00d2
0000
0000
0505
025c
0000
0000
0000
012e
00ac
0152
026c
01cd
0259
023a
02df
0345
0322
0356
03b6
0431
0745
04fa
0798
08cb
0834
094a
0767
0000
01eb
0192
0082
039c
048e
04bd
05e6
0920
0985
0431
0130
03a3
067a
0889
07db
072f
011c
02a9
0284
0110
0000
0000
0000
0000
001a
00ab
012c
01cf
0212
020e
023a
0260
03d2
038e
0434
0053
01a2
07df
083c
08fc
091e
06e1
03e6
0000
00ca
0009
000d
02a7
00d1
0000
0000
0038
0322
0606
069e
03fd
0000
0000
0000
0000
0000
0000
0000
0000
0000
0000
0000
0000
0000
0000
0000
0000
0000
0000
0000
0000
0000
0000
0000
001e
0000
0000
0000
0000
0000
0000
0000
0000
0000
0000
0000
0000
0000
0000
0000
0000
0000
0000
0000
01e3
0320
03ed
044c
0456
03be
028a
020d
01cf
01b2
01ee
01ec
01d5
017a
0000
0000
0000
0000
0000
0000
0ac4
0e0b
1339
1214
113d
0de5
09b2
068c
0350
039a
05aa
078f
0736
05d6
0648
04c5
0335
0415
060a
08b1
0000
0000
0130
0089
00a7
0000
0000
0000
0000
0000
0000
0000
0000
0000
0000
0000
0000
0000
0000
0000
0000
08b1
0658
051b
07c6
031c
009a
0000
0000
0000
0000
0000
0000
0000
0000
0000
0000
01c0
086f
020d
0086
00b5
0000
0000
0000
0000
0000
0000
0000
0000
0000
0000
0000
0000
006f
023c
05bc
0303
04c3
04cd
01ea
0000
0000
0000
0000
0000
0000
01cf
0352
037e
01bd
00a8
0000
0000
000f
00ba
0000
0000
0000
0000
02e8
0134
01fa
0097
0040
00ed
0000
0000
0000
0000
0000
0000
0000
0311
0095
0000
0000
0000
0000
0000
0000
0000
0000
0000
0539
0424
0455
05b2
05f6
05f1
0000
0000
0000
0000
0000
0000
0000
0000
0000
0000
030b
038a
02a9
0000
0000
0000
0000
0000
0000
0000
0000
0000
0000
0000
0000
0000
0000
0000
0000
0000
05f1
0e9b
0f73
10f1
0f38
0a3e
04d6
0058
010c
0401
0145
0000
0000
0000
0000
0000
0000
0000
0000
0000
0040
0000
0000
0023
0010
0000
0000
0000
0000
0000
0000
0000
00f6
056b
032c
08a0
05cd
0c11
0df4
0a5c
0c34
0b7a
088a
08bd
09e8
0756
06d4
0479
0123
0000
0000
0000
0000
0542
08aa
0000
0000
0000
0000
0000
03ae
042d
067a
077e
07a8
0555
043d
053b
065c
06d4
0742
071d
0697
0523
03c6
0000
0000
0000
0000
0000
0000
0000
0352
0473
0a67
0309
093f
0b01
0af9
0ca3
0c65
0e33
1084
0d96
07be
069a
068b
0488
07f7
093f
0051
0000
0000
0000
0000
0000
0000
0000
0000
0000
0000
0000
0000
0000
0000
04f3
0578
087e
09a4
0a3f
0d4b
0aa9
0b21
0a0b
0370
057e
0513
0071
0000
0000
0000
0000
0000
0000
0119
0000
0000
0000
007c
079c
026d
0313
0481
048a
0384
00f7
0000
0000
0000
0000
0000
0000
0000
00cf
0345
02c0
0660
08af
097c
0b55
0507
1210
0e68
0e7b
10d3
0f2e
0ecd
0935
048d
0088
0026
0000
00fb
0225
0000
0000
0000
0000
0000
0000
0000
0000
0000
0000
0000
0000
012d
02d4
0418
049e
045c
0497
08a7
09fe
0855
09cb
07fa
0b66
0ff5
0cea
0d51
048f
015c
0022
0000
0000
0031
02d7
0255
00c5
0000
0263
0689
0c5e
0d27
04c8
0000
0000
0176
0647
0206
00f6
01cd
0120
01ea
024f
0367
0577
06b6
06e9
0776
081c
0aaa
0ac2
0aeb
0542
000c
0000
0000
0000
0000
0000
0167
0000
0000
0000
0000
0447
05c8
0486
0102
0223
0646
083c
0a00
0773
00a4
0000
0000
0108
00e9
00d0
00c3
0095
010a
02b6
034e
0299
02a2
02c1
0308
0293
000a
01c7
03b3
0755
078b
06cc
0283
04d6
0000
0200
0300
0000
0261
0006
000e
032b
043a
0593
0654
0486
0371
0198
0647
0bbf
0e1e
07ac
03d0
0213
0000
0000
0000
009c
0100
00dd
017c
02d0
0375
03a6
0369
035a
01fc
061d
03a5
0fe7
0edf
13fe
1157
1135
1168
02c8
0000
0000
0000
0000
0000
0000
0000
0000
02b9
03a4
0174
00bb
0143
0000
0b15
0d9d
10c0
0f12
