0000
0000
0000
0000
0000
0000
0000
0000
0000
0000
0000
0000
0000
0000
0000
0000
0000
0000
0000
0000
0000
0000
0000
0000
0000
0000
0000
0000
0000
0000
0000
0000
0000
0000
0000
0000
0084
0084
0084
007c
004a
0000
0000
0000
0000
0000
0000
0000
0000
0000
0000
0000
0000
0000
0000
0000
0000
0000
0000
0000
0000
0000
0000
0000
0000
0000
0000
0000
0000
0000
0000
0000
0000
0000
0000
0000
0000
0000
00d5
00d5
0038
0038
0038
0000
0000
0000
0000
0000
0000
0000
0000
0000
0000
0000
0000
0000
0000
0000
0000
0000
0000
0000
0000
0000
0000
0000
0000
0000
0000
0000
0000
0000
0000
0000
0002
0094
0094
0094
0070
0070
0108
0108
0108
00a4
0033
000d
000f
0018
0018
0018
0016
0020
0020
0020
0025
0025
0025
0030
0030
0030
0024
0024
0024
0029
0029
0029
0012
000a
0000
0005
0005
0005
000f
000f
000f
0000
0000
00d2
00d2
00d2
002f
005e
0091
0091
0091
007f
0089
0089
0089
0089
0089
008b
0092
0092
0097
0097
0097
0095
0096
0099
00a4
00a7
00a7
00a7
00ab
00b3
00b9
00bd
00bd
00bd
00c2
00c2
00c2
00c0
00c3
00c3
00c3
0094
0000
0000
0000
0000
0000
00da
00da
00da
00ca
00cc
00cc
00d4
00de
00ee
00f1
00fd
0102
0102
0102
0117
011c
0124
0151
0151
0151
0146
0134
0119
00fe
0103
0110
0110
0110
0107
0107
0107
0100
0102
012e
012e
012e
00c1
019c
01a0
01a0
01a0
017d
0183
0191
019b
019e
019e
01a8
01bc
01c6
01ce
01d4
01d4
01d4
01e0
01f4
020d
0218
0218
0218
0223
022c
0254
0264
0264
0264
0256
0256
0256
0255
026a
02ab
02ab
02ab
023b
0131
013a
01fe
034c
034c
034c
0316
02ed
02fb
030f
0310
033b
0386
039f
03b8
03da
03da
03e2
0426
0443
0457
0493
04db
04e9
04e9
04e9
04b6
0449
03f2
03b3
0392
0391
0391
039a
039a
039a
0383
036b
03cf
03cf
03cf
033f
0000
000e
000e
000e
0000
0000
0000
0000
0000
0000
0000
0000
0000
0000
0000
0000
0000
0000
0000
0000
0000
0000
0000
0000
0000
0000
0000
0000
0000
0000
0000
0000
0000
0000
0000
005a
005a
005a
0030
0030
0030
0000
0000
0000
0000
0000
0000
0000
0000
0000
0000
0000
0000
0000
0000
0000
0000
0000
0000
0000
0000
0000
0000
0000
0000
0000
0000
0000
0000
0000
0000
0000
0000
0000
0000
0000
0000
004b
004b
004b
0000
0000
0000
0000
0000
0000
0000
0000
0000
0000
0000
0000
0000
0000
0000
0000
0000
0000
0000
0000
0000
0000
0000
0000
0000
0000
0000
0000
0000
0000
0000
0000
0000
0000
0000
0000
0017
003a
003a
003a
0000
0000
0000
0000
0000
0000
0000
0000
0000
0000
0000
0000
0000
0000
0000
0000
0000
0000
0000
0000
0000
0000
0000
0000
0000
0000
0000
0000
0000
0000
0000
0000
0000
0000
0000
0000
0000
0000
0061
0061
003f
003f
003f
0020
001f
0021
0021
0021
001e
001e
0023
0025
0025
0025
0021
0021
0021
001f
001f
001f
0025
0025
0025
001f
001f
0029
002d
002d
002d
002c
002c
0028
0023
0023
0039
0039
0039
0000
0035
0124
0124
0124
00d4
0057
0057
0021
001d
001d
001a
0021
002f
002f
002f
0033
0033
0033
003c
003c
003c
0044
004b
004b
004b
003f
0034
001b
0020
0033
003a
003a
003a
003c
003c
003c
002f
0032
0041
0041
0041
0000
002e
002e
0032
0032
0032
002a
0028
002e
002e
002e
002d
002d
002d
0032
0032
0032
002f
002f
002f
0035
0035
0035
0032
0032
0032
0031
0032
0032
003e
003e
003e
0038
0038
0038
0039
0039
0039
0027
0027
0020
0020
0020
0017
001e
0036
0036
0036
002f
002e
002e
002b
002f
003a
003e
003e
003e
003c
003c
0041
0041
0048
0057
005f
005f
005f
0059
0059
004e
004f
004f
004f
004e
004e
004f
004f
004f
0057
0057
0069
0069
0000
0000
0000
0000
0000
0000
0000
0000
0000
0000
0000
0000
0000
0000
0000
0000
0000
0000
0000
0000
0000
0000
0000
0000
0000
0000
0000
0000
0000
0000
0000
0000
0000
0000
0000
0000
0000
0000
0000
0000
0000
0000
0000
0000
0000
0000
0000
0000
0000
0000
0000
0000
0000
0000
0000
0000
0000
0000
0000
0000
0000
0000
0000
0000
0000
0000
0000
0000
0000
0000
0000
0000
0000
0000
0000
0000
0000
0000
0000
0000
000b
000b
0000
0000
0000
0000
0000
0000
0000
0000
0000
0000
0000
0000
0000
0000
0000
0000
0000
0000
0000
0000
0000
0000
0000
0000
0000
0000
0000
0000
0000
0000
0000
0000
0000
0063
00a7
00a7
00a7
003d
00c9
00c9
00c9
0000
0000
0000
0000
0000
0003
0003
0003
0000
0000
0000
0010
0010
0010
0000
0000
0000
0000
0000
0000
000a
000a
000a
0000
0000
0000
0000
0000
0000
0000
0000
0000
0000
0000
0088
0089
0089
001b
001b
001b
000a
0000
0000
0000
0000
0000
0000
0000
0000
0000
0000
0000
0000
0000
0000
0000
0000
0000
0000
0000
0000
0000
0000
0000
0000
0000
0000
0000
0000
0000
0000
0000
0000
0055
0085
0085
0085
00ac
00c7
00c7
00c7
0063
0000
0000
0000
0000
0000
0000
0000
0000
0000
0000
0000
0000
0000
0000
0000
0000
0000
0000
0000
0000
0000
0000
0000
0000
0000
0000
0000
0000
0000
0000
0000
0000
0000
00a8
00a8
0000
0000
0000
0005
0005
0005
0000
0000
0000
0000
0000
0000
0000
0000
0000
0000
0000
0000
0000
0000
0000
0000
0000
0000
0000
0000
0000
0000
0000
0000
0000
0000
0000
0000
0000
006d
00f7
00f7
00f7
0076
006e
0046
000d
0000
0000
0000
0000
0000
0000
0000
0000
0000
0000
0000
0000
0000
0000
0000
0000
0000
0000
0000
0000
0005
0005
0005
0004
0000
0000
0000
0000
0000
0000
0000
0000
0000
0000
0085
00f7
00f7
0043
0043
002d
002d
002d
0034
0034
0034
0032
0032
0032
0034
0034
0034
0031
0031
0031
0031
0035
0035
0037
0037
0037
0035
0035
0035
0041
0041
0041
0043
0043
0043
0035
0035
004a
004a
004a
0036
000a
005d
00b2
00b2
00b2
0035
0036
003b
0049
0049
0049
0045
004c
004c
004c
0053
0053
0053
005b
005c
005c
0062
0078
0078
0078
005b
0053
0042
0041
0051
005a
005a
005a
005d
005d
005d
004a
004e
0074
0074
0074
0053
0090
0090
0090
003b
002f
0045
0045
0045
0042
0042
0044
0049
0049
0049
0043
0043
0043
004e
004e
004e
004e
004e
004e
0050
0050
0050
004f
004f
004f
004f
004f
004f
004f
004f
0076
0076
0076
007a
010a
01ba
01ba
01ba
0185
0116
00cb
0072
007e
0083
0083
008d
0099
0099
0099
0097
0097
0097
00b4
00b4
00b4
00b8
00b8
00b8
00b0
00a1
0097
008a
0083
0083
0076
0076
0075
007d
007d
007d
0073
0073
00ad
00ad
00ad
005b
0014
0014
0000
0000
0000
0000
0000
0000
0000
0000
0000
0000
0000
0000
0000
0000
0000
0000
0000
0000
0000
0000
0000
0000
0000
0000
0000
0000
0000
0000
0000
0000
0000
0000
0000
0000
0000
0033
0141
0144
016f
016f
016f
0000
0000
0000
0000
0000
0000
0000
0000
0000
0000
0000
0000
0000
0000
0000
0000
0000
0000
0000
0000
0000
0000
0000
0000
0000
0000
0000
0000
0000
0000
0000
0000
0000
0000
0000
0000
0000
0068
0068
0000
0000
0000
0000
0000
0000
0000
0000
0000
0000
0000
0000
0000
0000
0000
0000
0000
0000
0000
0000
0000
0000
0000
0000
0000
0000
0000
0000
0000
0000
0000
0000
0000
0000
0000
0000
0095
0112
0112
0112
0106
0000
0000
0000
0000
0000
0000
0000
0000
0000
0000
0000
0000
0000
0000
0000
0000
0000
0000
0000
0000
0000
0000
0000
0000
0000
0000
0000
0000
0000
0000
0000
0000
0000
0000
0000
0000
0000
