1.437500
1.062500
0.000000
0.000000
0.000000
0.000000
0.000000
0.000000
0.000000
0.000000
0.000000
0.000000
0.000000
0.000000
0.000000
0.000000
0.000000
0.000000
0.000000
0.000000
0.000000
0.000000
0.000000
0.000000
0.000000
0.000000
0.000000
0.000000
0.000000
0.000000
0.000000
0.000000
0.000000
0.000000
0.000000
0.000000
0.000000
0.000000
0.000000
0.859375
3.640625
3.812500
4.250000
0.000000
0.000000
0.000000
0.000000
0.000000
0.000000
0.000000
0.000000
0.000000
0.000000
0.000000
0.000000
0.000000
0.000000
0.000000
0.000000
0.000000
0.000000
0.000000
0.000000
0.000000
0.000000
0.000000
0.000000
0.000000
0.000000
0.000000
0.000000
0.000000
0.000000
0.000000
0.000000
0.000000
0.000000
0.156250
0.000000
0.000000
4.750000
4.968750
5.281250
4.687500
4.281250
4.453125
4.625000
4.703125
4.703125
4.703125
4.812500
5.031250
5.156250
5.218750
5.265625
5.265625
5.265625
5.406250
5.593750
5.843750
5.984375
6.000000
6.000000
6.109375
6.203125
6.609375
6.765625
6.765625
6.750000
6.625000
6.640625
6.656250
6.640625
6.843750
7.687500
6.781250
4.484375
3.421875
1.500000
4.343750
4.984375
8.406250
8.359375
9.781250
8.953125
8.375000
8.515625
8.750000
8.734375
9.234375
10.046875
10.359375
10.593750
10.921875
10.765625
10.843750
11.656250
12.203125
12.406250
13.000000
13.765625
13.875000
13.828125
13.593750
13.015625
11.828125
10.968750
10.406250
10.031250
10.031250
10.031250
10.125000
10.156250
10.156250
9.875000
9.609375
11.000000
9.718750
7.875000
5.703125
1.296875
1.375000
0.531250
1.093750
1.093750
0.921875
0.968750
1.015625
1.046875
1.046875
1.015625
1.031250
1.062500
1.109375
1.187500
1.187500
1.171875
1.109375
1.187500
1.265625
1.281250
1.281250
1.281250
1.296875
1.343750
1.390625
1.531250
1.546875
1.593750
1.578125
1.578125
1.562500
1.453125
1.484375
1.453125
2.375000
3.656250
3.234375
2.656250
1.218750
4.500000
4.843750
5.484375
1.125000
1.203125
1.609375
1.656250
1.656250
1.703125
1.656250
1.750000
1.828125
1.921875
2.109375
2.265625
2.281250
2.218750
2.203125
2.265625
2.390625
2.796875
2.890625
2.968750
2.921875
2.843750
2.562500
2.281250
2.187500
2.281250
2.281250
2.281250
2.234375
2.250000
2.250000
2.140625
2.109375
2.296875
3.640625
4.406250
4.437500
6.562500
6.562500
5.609375
4.359375
3.968750
4.296875
4.375000
4.453125
4.390625
4.390625
4.546875
4.781250
4.859375
4.921875
4.859375
4.859375
4.859375
5.015625
5.203125
5.406250
5.578125
5.578125
5.578125
5.593750
5.671875
6.078125
6.375000
6.375000
6.375000
6.250000
6.250000
6.218750
6.046875
6.218750
7.421875
9.218750
10.437500
8.921875
9.125000
12.656250
17.390625
20.203125
18.734375
11.625000
9.625000
7.656250
7.937500
8.218750
8.218750
8.671875
9.531250
9.781250
9.984375
10.328125
10.453125
10.531250
11.453125
11.656250
11.812500
12.437500
13.218750
13.328125
13.265625
12.906250
12.265625
10.906250
10.000000
9.718750
9.421875
9.453125
9.453125
9.625000
9.671875
9.671875
9.140625
8.921875
10.671875
13.265625
13.640625
10.968750
