0.000000
0.000000
0.046875
0.265625
0.296875
0.218750
0.234375
0.265625
0.218750
0.187500
0.203125
0.296875
0.265625
0.234375
0.234375
0.250000
0.296875
0.250000
0.281250
0.250000
0.187500
0.281250
0.312500
0.296875
0.265625
0.265625
0.265625
0.265625
0.312500
0.312500
0.312500
0.343750
0.265625
0.328125
0.390625
0.312500
0.359375
0.421875
0.328125
0.375000
0.406250
0.390625
0.421875
0.421875
0.437500
0.421875
0.453125
0.421875
0.453125
0.421875
0.375000
0.421875
0.484375
0.500000
0.468750
0.437500
0.406250
0.453125
0.546875
0.500000
0.437500
0.390625
0.421875
0.468750
0.500000
0.500000
0.500000
0.500000
0.437500
0.453125
0.578125
0.484375
0.343750
0.265625
0.281250
0.703125
0.515625
0.000000
0.000000
0.000000
0.000000
0.406250
0.359375
0.000000
0.312500
0.843750
1.015625
0.703125
0.546875
0.593750
0.687500
0.640625
0.656250
0.687500
0.718750
0.640625
0.687500
0.796875
0.750000
0.750000
0.765625
0.781250
0.859375
0.765625
0.843750
0.890625
0.812500
0.953125
0.890625
0.906250
0.875000
0.906250
0.968750
0.984375
1.046875
0.984375
0.953125
1.031250
1.031250
1.125000
1.078125
1.078125
1.109375
1.109375
1.140625
1.156250
1.234375
1.187500
1.078125
1.062500
1.140625
1.046875
1.046875
0.921875
0.906250
0.890625
0.875000
0.843750
0.859375
0.828125
0.796875
0.796875
0.843750
0.906250
0.828125
0.828125
0.750000
0.812500
0.906250
0.843750
0.781250
0.781250
0.812500
0.750000
0.796875
0.859375
0.812500
0.390625
0.000000
1.484375
