0.000000
0.000000
0.000000
1.093750
1.375000
1.578125
1.703125
1.703125
1.437500
1.656250
1.796875
2.000000
2.109375
2.078125
2.187500
2.640625
5.500000
10.312500
0.000000
0.000000
0.000000
0.000000
0.000000
0.000000
0.000000
0.812500
0.765625
0.468750
1.187500
3.734375
5.750000
5.640625
4.203125
3.218750
2.796875
3.531250
5.125000
8.281250
18.046875
18.640625
6.828125
6.937500
3.781250
2.062500
1.437500
1.296875
1.437500
1.390625
1.906250
1.890625
1.984375
1.890625
1.953125
2.234375
1.718750
1.609375
6.046875
8.671875
8.359375
11.000000
15.203125
16.828125
19.484375
9.906250
5.093750
4.984375
5.375000
5.437500
5.468750
7.609375
14.703125
12.671875
12.546875
10.890625
6.093750
2.906250
3.046875
10.500000
15.000000
14.859375
0.000000
0.000000
0.000000
0.000000
0.000000
0.000000
0.000000
0.000000
0.000000
0.000000
0.000000
0.000000
0.000000
0.000000
0.000000
0.000000
0.000000
0.000000
0.000000
0.000000
0.000000
0.000000
0.000000
0.000000
0.000000
0.000000
0.000000
0.000000
0.000000
0.000000
0.000000
0.000000
0.000000
0.000000
0.000000
0.000000
0.000000
0.000000
0.000000
0.000000
7.984375
8.281250
8.125000
7.484375
7.250000
7.546875
7.968750
7.921875
8.250000
8.703125
9.109375
9.187500
10.031250
10.406250
9.781250
9.734375
11.890625
8.750000
0.000000
0.000000
0.000000
0.000000
8.015625
10.671875
13.593750
14.640625
15.078125
15.593750
17.281250
19.843750
21.921875
18.296875
15.125000
14.531250
13.734375
14.203125
14.656250
17.375000
18.468750
17.828125
