4.718750
2.687500
5.281250
9.687500
7.203125
9.390625
8.906250
11.484375
13.078125
12.531250
13.343750
14.843750
16.765625
29.078125
19.906250
30.375000
35.171875
32.812500
37.156250
29.609375
0.000000
7.671875
6.281250
2.031250
14.437500
18.218750
18.953125
23.593750
36.500000
38.078125
16.765625
4.750000
14.546875
25.906250
34.140625
31.421875
28.734375
4.437500
10.640625
10.062500
4.250000
0.000000
0.000000
0.000000
0.000000
0.406250
2.671875
4.687500
7.234375
8.281250
8.218750
8.906250
9.500000
15.281250
14.218750
16.812500
1.296875
6.531250
31.484375
32.937500
35.937500
36.468750
27.515625
15.593750
0.000000
3.156250
0.140625
0.203125
10.609375
3.265625
0.000000
0.000000
0.875000
12.531250
24.093750
26.468750
15.953125
0.000000
0.000000
0.000000
0.000000
0.000000
0.000000
0.000000
0.000000
0.000000
0.000000
0.000000
0.000000
0.000000
0.000000
0.000000
0.000000
0.000000
0.000000
0.000000
0.000000
0.000000
0.000000
0.000000
0.468750
0.000000
0.000000
0.000000
0.000000
0.000000
0.000000
0.000000
0.000000
0.000000
0.000000
0.000000
0.000000
0.000000
0.000000
0.000000
0.000000
0.000000
0.000000
0.000000
7.546875
12.500000
15.703125
17.187500
17.343750
14.968750
10.156250
8.203125
7.234375
6.781250
7.718750
7.687500
7.328125
5.906250
0.000000
0.000000
0.000000
0.000000
0.000000
0.000000
43.062500
56.171875
76.890625
72.312500
68.953125
55.578125
38.781250
26.187500
13.250000
14.406250
22.656250
30.234375
28.843750
23.343750
25.125000
19.078125
12.828125
16.328125
24.156250
34.765625
0.000000
0.000000
4.750000
2.140625
2.609375
0.000000
0.000000
0.000000
0.000000
0.000000
0.000000
0.000000
0.000000
0.000000
0.000000
0.000000
0.000000
0.000000
0.000000
0.000000
0.000000
34.765625
25.375000
20.421875
31.093750
12.437500
2.406250
0.000000
0.000000
0.000000
0.000000
0.000000
0.000000
0.000000
0.000000
0.000000
0.000000
7.000000
33.734375
8.203125
2.093750
2.828125
0.000000
0.000000
0.000000
0.000000
0.000000
0.000000
0.000000
0.000000
0.000000
0.000000
0.000000
0.000000
1.734375
8.937500
22.937500
12.046875
19.046875
19.203125
7.656250
0.000000
0.000000
0.000000
0.000000
0.000000
0.000000
7.234375
13.281250
13.968750
6.953125
2.625000
0.000000
0.000000
0.234375
2.906250
0.000000
0.000000
0.000000
0.000000
11.625000
4.812500
7.906250
2.359375
1.000000
3.703125
0.000000
0.000000
0.000000
0.000000
0.000000
0.000000
0.000000
12.265625
2.328125
0.000000
0.000000
0.000000
0.000000
0.000000
0.000000
0.000000
0.000000
0.000000
20.890625
16.562500
17.328125
22.781250
23.843750
23.765625
0.000000
0.000000
0.000000
0.000000
0.000000
0.000000
0.000000
0.000000
0.000000
0.000000
12.171875
14.156250
10.640625
0.000000
0.000000
0.000000
0.000000
0.000000
0.000000
0.000000
0.000000
0.000000
0.000000
0.000000
0.000000
0.000000
0.000000
0.000000
0.000000
0.000000
23.765625
58.421875
61.796875
67.765625
60.875000
40.968750
19.343750
1.375000
4.187500
16.015625
5.078125
0.000000
0.000000
0.000000
0.000000
0.000000
0.000000
0.000000
0.000000
0.000000
