0.593750
0.843750
2.703125
2.578125
1.468750
1.156250
1.187500
1.203125
1.156250
1.187500
1.281250
1.218750
1.187500
1.296875
1.421875
1.406250
1.375000
1.343750
1.343750
1.437500
1.437500
1.437500
1.546875
1.578125
1.671875
1.843750
1.921875
1.890625
2.312500
2.281250
2.218750
2.015625
1.937500
2.078125
2.500000
6.437500
8.671875
12.421875
9.140625
1.156250
0.000000
0.000000
0.296875
5.843750
4.343750
2.718750
1.515625
1.703125
1.718750
1.906250
1.953125
2.218750
2.234375
2.250000
2.265625
2.578125
2.500000
2.718750
2.859375
2.890625
2.750000
3.781250
4.843750
5.390625
5.953125
6.187500
5.468750
4.312500
2.953125
2.546875
3.000000
3.218750
3.406250
3.390625
3.578125
3.187500
5.328125
8.031250
10.156250
14.359375
1.531250
2.031250
2.187500
2.812500
3.031250
3.015625
3.031250
3.109375
3.031250
3.015625
3.140625
3.187500
3.187500
3.281250
3.453125
3.468750
3.484375
3.375000
3.343750
3.484375
3.515625
3.546875
3.625000
3.578125
3.609375
3.859375
3.906250
3.968750
4.296875
4.296875
4.265625
4.125000
3.968750
2.937500
2.531250
3.562500
3.796875
1.703125
1.203125
1.750000
0.000000
4.125000
2.562500
1.453125
3.078125
3.546875
3.515625
3.750000
4.046875
4.078125
4.250000
4.453125
4.781250
4.421875
4.546875
4.843750
4.734375
4.953125
5.656250
5.562500
5.312500
6.609375
7.562500
8.000000
7.937500
7.390625
7.093750
6.453125
5.343750
5.218750
5.671875
5.718750
5.750000
5.859375
5.500000
5.015625
4.984375
6.531250
8.343750
4.937500
3.859375
2.890625
2.015625
2.687500
2.546875
2.609375
2.484375
2.796875
2.640625
2.562500
2.687500
2.390625
2.718750
2.875000
2.953125
3.093750
3.046875
2.781250
2.812500
2.875000
2.921875
3.109375
3.140625
3.078125
2.984375
3.312500
3.500000
3.656250
3.968750
3.781250
3.937500
3.921875
3.484375
2.765625
3.046875
5.546875
5.015625
0.281250
2.156250
6.593750
5.859375
8.109375
6.890625
2.343750
3.578125
3.031250
3.140625
3.156250
3.187500
3.031250
3.312500
3.468750
3.718750
3.765625
3.953125
4.031250
4.000000
3.890625
4.359375
4.437500
4.562500
5.703125
6.390625
6.531250
5.921875
5.453125
5.515625
5.328125
4.703125
4.968750
5.015625
5.093750
5.156250
5.015625
4.703125
4.140625
5.828125
8.593750
7.390625
4.906250
4.015625
6.484375
6.500000
5.953125
5.765625
5.750000
6.250000
6.453125
6.625000
6.640625
6.562500
6.734375
7.046875
7.203125
7.453125
7.593750
7.562500
7.437500
7.625000
7.906250
8.296875
8.468750
8.343750
8.390625
8.609375
8.734375
9.500000
9.812500
9.671875
9.625000
9.765625
9.625000
9.437500
8.859375
9.656250
13.265625
12.312500
5.468750
4.156250
4.203125
8.906250
13.343750
18.750000
15.140625
13.015625
11.343750
11.406250
11.921875
12.234375
12.250000
12.921875
14.093750
14.484375
14.875000
15.406250
15.125000
15.531250
16.593750
17.046875
17.359375
18.296875
19.593750
20.812500
20.531250
18.687500
17.500000
16.390625
15.421875
14.203125
14.359375
14.296875
14.843750
15.093750
14.671875
14.234375
13.375000
14.218750
19.531250
17.421875
10.765625
