0.718750
0.765625
0.000000
0.000000
0.000000
1.203125
2.265625
2.062500
1.953125
2.281250
2.281250
2.375000
2.406250
2.343750
2.203125
2.468750
2.640625
2.484375
2.671875
2.687500
2.625000
2.718750
2.828125
2.640625
2.984375
3.093750
3.046875
3.187500
3.140625
2.859375
3.140625
3.281250
3.125000
3.593750
4.734375
3.625000
3.437500
3.781250
6.937500
2.921875
0.000000
0.656250
3.359375
6.968750
1.234375
0.000000
0.000000
3.453125
3.687500
4.156250
4.062500
4.062500
4.156250
4.390625
4.156250
4.921875
5.078125
5.343750
5.203125
5.234375
5.265625
5.218750
5.625000
6.000000
5.593750
4.265625
3.687500
3.484375
3.718750
4.437500
4.718750
4.765625
5.156250
5.218750
4.218750
4.656250
5.453125
4.484375
6.312500
4.750000
0.000000
0.000000
0.000000
0.046875
2.078125
2.468750
2.234375
2.421875
2.453125
2.609375
2.656250
2.343750
2.468750
2.468750
2.734375
2.890625
3.031250
2.906250
2.609375
2.500000
2.390625
2.703125
2.953125
3.093750
2.875000
2.875000
2.437500
2.687500
3.093750
3.328125
3.421875
3.468750
3.296875
3.250000
2.140625
0.000000
0.000000
0.000000
0.000000
0.000000
0.000000
0.000000
0.000000
0.000000
0.000000
0.000000
2.234375
2.140625
2.234375
1.937500
1.609375
1.250000
1.781250
2.140625
2.515625
2.562500
2.078125
1.453125
2.015625
2.390625
2.015625
1.781250
1.718750
2.140625
2.937500
3.734375
4.421875
4.453125
4.171875
4.140625
4.062500
3.968750
3.531250
3.859375
4.187500
4.531250
2.390625
0.000000
0.000000
0.000000
