8.593750
1.890625
3.328125
8.562500
8.765625
12.937500
13.734375
14.078125
16.031250
15.546875
15.234375
17.484375
17.890625
21.375000
31.125000
34.312500
49.187500
47.062500
67.765625
56.750000
46.281250
20.703125
17.515625
0.000000
0.000000
2.046875
4.281250
14.156250
18.000000
18.578125
12.640625
4.218750
19.765625
34.890625
38.312500
35.296875
35.921875
29.015625
13.187500
36.062500
1.000000
1.593750
0.656250
5.875000
5.031250
1.125000
0.000000
0.000000
0.000000
0.000000
0.000000
0.000000
0.000000
0.000000
0.000000
0.000000
0.000000
0.000000
0.000000
0.000000
0.000000
0.000000
0.000000
0.000000
0.000000
0.000000
0.000000
0.000000
0.000000
0.000000
0.000000
0.000000
0.000000
0.000000
0.000000
0.000000
0.000000
0.000000
0.000000
7.984375
0.000000
0.000000
0.000000
0.000000
0.000000
0.000000
0.000000
0.000000
0.000000
0.000000
0.000000
0.000000
0.000000
0.000000
0.000000
0.000000
0.000000
0.000000
0.000000
0.000000
0.000000
0.000000
0.000000
0.000000
0.000000
0.000000
0.000000
0.000000
0.000000
0.000000
0.000000
0.000000
0.000000
0.000000
0.000000
0.000000
0.000000
0.000000
0.000000
24.578125
3.734375
3.453125
7.187500
2.734375
0.000000
0.000000
1.765625
3.015625
2.578125
1.296875
1.625000
3.250000
2.437500
0.953125
0.000000
0.000000
1.796875
0.000000
0.000000
0.000000
1.437500
9.937500
13.953125
0.000000
0.000000
0.000000
0.000000
0.781250
0.000000
1.625000
1.562500
0.000000
0.000000
0.000000
0.000000
0.000000
0.000000
17.468750
21.703125
21.031250
8.031250
12.750000
14.703125
6.937500
0.000000
0.000000
0.000000
0.000000
0.000000
0.000000
0.000000
0.000000
0.000000
0.000000
0.000000
0.000000
0.000000
0.000000
10.187500
28.250000
28.843750
47.125000
50.625000
50.812500
42.890625
15.593750
8.796875
3.671875
3.640625
19.890625
21.796875
8.078125
0.000000
0.000000
0.000000
0.000000
3.859375
22.156250
0.000000
0.000000
1.343750
0.000000
0.000000
9.250000
12.296875
12.718750
9.687500
10.640625
13.109375
12.375000
10.218750
10.515625
11.781250
16.046875
21.578125
0.000000
0.000000
0.000000
0.000000
0.000000
0.000000
0.000000
0.000000
0.000000
0.000000
0.000000
0.000000
2.171875
0.000000
0.000000
0.000000
0.000000
11.140625
20.546875
13.921875
5.140625
0.000000
0.000000
0.000000
37.640625
11.265625
8.312500
2.046875
0.828125
0.000000
0.000000
0.000000
0.000000
0.000000
0.000000
0.000000
0.000000
0.000000
0.000000
0.000000
0.000000
0.000000
3.546875
8.781250
20.890625
38.328125
34.734375
40.390625
47.500000
19.218750
8.000000
8.718750
7.578125
10.078125
21.828125
12.859375
0.000000
0.000000
0.000000
0.000000
0.000000
6.593750
0.000000
0.000000
6.671875
7.062500
6.140625
4.203125
0.843750
3.171875
7.937500
8.718750
9.046875
10.046875
11.484375
13.875000
14.031250
13.515625
17.125000
30.687500
15.718750
10.062500
0.000000
0.000000
0.000000
0.000000
0.000000
0.000000
0.000000
0.000000
0.000000
4.109375
14.968750
16.953125
13.921875
17.046875
15.281250
3.281250
0.000000
0.000000
20.078125
9.437500
0.000000
0.000000
0.000000
