004e
0017
0000
0000
0000
0000
0000
0000
0000
0000
0000
0000
0000
0000
0000
0000
0025
018b
01f9
08d3
06ae
031d
0397
028b
0121
00a5
0065
00b5
00d0
0050
0000
0100
027e
0258
0079
0000
0000
009a
0025
0000
000b
0000
0000
0038
0054
008c
0080
005c
00a7
0097
0054
008f
00e4
00b6
00f5
0141
0289
041b
02a8
0633
01a8
0000
0000
0000
0000
0043
0000
0023
00a9
017e
022c
0376
019d
0000
00a2
018b
0216
0389
043f
0000
001e
0017
004b
001e
004d
002b
0000
0055
0024
0001
005a
0013
0000
0000
0000
0000
0000
0000
0019
0000
0000
0000
0000
0000
000f
0000
0000
0032
000c
0000
0000
0000
0000
0000
0000
0000
0000
0000
0000
048c
0000
0000
0000
0000
0000
0000
0000
0000
0000
0000
0000
0000
0000
0000
0000
0000
0000
0000
0000
0000
0000
0000
0000
002d
0000
0000
0000
0000
0000
000b
003c
0000
0000
0000
0000
0000
0000
0000
0000
0000
