1.046875
2.328125
6.203125
6.500000
5.671875
3.984375
4.000000
4.000000
4.203125
4.031250
4.093750
4.328125
4.562500
4.359375
4.531250
4.484375
4.359375
4.421875
4.484375
4.390625
4.593750
5.078125
4.718750
5.203125
4.875000
4.546875
4.750000
5.046875
4.875000
5.218750
5.343750
4.000000
3.437500
1.187500
0.781250
1.156250
0.843750
0.000000
0.000000
0.156250
1.453125
2.781250
0.000000
3.484375
9.343750
9.765625
6.953125
4.437500
4.765625
4.640625
5.265625
5.625000
5.796875
5.359375
5.812500
5.093750
5.453125
6.421875
6.968750
6.765625
5.718750
3.937500
2.781250
2.812500
3.687500
4.703125
5.890625
6.046875
6.453125
6.359375
5.875000
5.609375
6.000000
5.328125
4.218750
1.250000
1.218750
1.812500
1.296875
0.000000
1.234375
2.250000
0.921875
0.656250
0.625000
0.734375
1.078125
0.812500
0.921875
1.031250
0.890625
1.062500
1.140625
1.015625
1.031250
1.046875
1.000000
0.984375
1.218750
1.187500
1.156250
1.218750
1.031250
1.093750
1.250000
1.093750
1.218750
1.234375
0.921875
1.062500
1.234375
1.062500
1.125000
1.234375
1.156250
1.843750
1.265625
0.000000
1.906250
4.156250
6.906250
6.078125
4.343750
3.171875
1.640625
1.578125
1.781250
1.968750
2.046875
1.937500
2.203125
2.390625
2.109375
2.015625
2.359375
2.218750
2.359375
2.812500
2.531250
2.375000
2.875000
2.750000
2.515625
2.359375
2.156250
1.984375
2.046875
1.796875
1.843750
1.828125
1.578125
1.765625
1.953125
1.578125
1.640625
1.796875
1.578125
2.703125
1.421875
0.000000
3.921875
0.203125
0.000000
0.000000
0.000000
0.000000
0.000000
0.000000
0.000000
0.000000
0.000000
0.000000
0.000000
0.000000
0.000000
0.000000
0.000000
0.000000
0.000000
0.000000
0.000000
0.000000
0.000000
0.000000
0.000000
0.000000
0.000000
0.000000
0.000000
0.000000
0.000000
0.000000
0.000000
0.000000
0.968750
3.859375
7.468750
4.843750
5.468750
19.750000
22.640625
24.015625
5.515625
0.000000
0.000000
0.000000
0.000000
0.000000
0.000000
0.000000
0.000000
0.000000
0.000000
0.000000
0.000000
0.000000
0.000000
0.000000
0.000000
0.000000
0.000000
0.000000
0.000000
0.000000
0.000000
0.000000
0.000000
0.000000
0.000000
0.000000
0.000000
0.000000
0.000000
0.000000
0.000000
0.000000
2.406250
7.250000
5.796875
5.531250
1.625000
0.000000
0.000000
0.937500
1.281250
0.421875
0.062500
0.000000
0.000000
0.000000
0.000000
0.109375
0.046875
0.000000
0.078125
0.000000
0.000000
0.000000
0.000000
0.000000
0.000000
0.000000
0.093750
0.140625
0.000000
0.000000
0.156250
0.046875
0.453125
0.890625
0.421875
0.000000
0.000000
0.000000
0.000000
0.000000
0.000000
0.000000
0.000000
2.328125
4.281250
4.093750
8.859375
19.203125
22.437500
10.640625
3.203125
0.000000
0.000000
0.000000
0.000000
0.000000
0.000000
0.000000
0.000000
0.000000
0.000000
0.000000
0.000000
0.000000
0.000000
0.171875
1.468750
3.640625
5.203125
6.109375
4.875000
3.609375
2.218750
0.828125
0.531250
0.828125
0.578125
0.359375
0.000000
0.000000
0.000000
0.515625
2.796875
8.234375
