0.453125
1.609375
1.078125
1.078125
1.437500
1.375000
1.343750
1.296875
1.359375
1.437500
1.359375
1.234375
1.187500
1.421875
1.531250
1.531250
1.468750
1.437500
1.421875
1.453125
1.687500
1.656250
1.515625
1.468750
1.531250
1.640625
1.734375
1.750000
1.703125
1.687500
1.703125
1.656250
1.750000
1.765625
1.718750
1.703125
1.718750
1.750000
1.875000
1.921875
1.890625
1.937500
1.906250
1.921875
1.968750
2.046875
2.015625
1.937500
1.875000
1.968750
2.078125
2.078125
2.078125
2.031250
2.078125
2.187500
2.296875
2.281250
2.046875
2.000000
2.046875
2.156250
2.281250
2.234375
2.156250
2.078125
2.093750
2.171875
2.234375
2.250000
2.046875
2.171875
2.625000
2.562500
1.953125
0.937500
0.171875
0.000000
0.421875
0.000000
0.000000
0.000000
0.015625
2.531250
3.203125
2.390625
1.859375
2.265625
2.765625
2.843750
2.828125
2.718750
2.765625
2.703125
2.796875
2.921875
3.031250
3.015625
3.000000
3.031250
3.062500
3.078125
3.156250
3.375000
3.500000
3.468750
3.593750
3.468750
3.484375
3.578125
3.812500
3.859375
3.843750
3.687500
3.609375
3.781250
4.125000
4.203125
4.265625
4.046875
4.000000
4.203125
4.390625
4.625000
4.718750
4.812500
4.546875
4.562500
4.578125
4.437500
4.078125
3.812500
3.671875
3.609375
3.546875
3.406250
3.328125
3.328125
3.328125
3.312500
3.421875
3.484375
3.328125
3.234375
3.234375
3.406250
3.484375
3.531250
3.312500
3.140625
3.125000
3.156250
3.171875
3.203125
3.281250
3.187500
3.781250
3.125000
3.125000
2.546875
0.359375
0.515625
1.156250
1.562500
2.046875
1.937500
1.953125
2.000000
1.984375
1.906250
1.625000
1.609375
1.687500
1.921875
2.046875
2.000000
1.968750
1.890625
2.015625
2.062500
2.093750
1.968750
1.875000
1.906250
2.031250
2.109375
2.203125
2.203125
2.140625
2.171875
2.171875
2.265625
2.265625
2.281250
2.234375
2.093750
2.093750
2.203125
2.296875
2.421875
2.375000
2.375000
2.453125
2.546875
2.609375
2.546875
2.453125
2.406250
2.437500
2.546875
2.656250
2.625000
2.531250
2.625000
2.796875
3.031250
3.093750
2.906250
2.671875
2.609375
2.765625
2.875000
3.000000
2.906250
2.781250
2.750000
2.781250
2.828125
2.609375
2.546875
2.703125
3.171875
3.765625
3.671875
2.359375
0.078125
0.000000
0.000000
0.000000
0.000000
0.000000
0.109375
0.515625
0.812500
1.453125
1.687500
2.281250
3.031250
3.421875
3.390625
3.375000
3.218750
3.140625
3.078125
3.234375
3.281250
3.343750
3.453125
3.390625
3.312500
3.265625
3.343750
3.593750
3.828125
3.968750
4.140625
4.015625
4.046875
4.078125
4.406250
4.578125
4.421875
4.187500
3.921875
4.078125
4.406250
4.875000
4.921875
4.765625
4.609375
4.671875
4.937500
5.281250
5.593750
5.703125
5.703125
5.562500
5.500000
5.437500
5.140625
4.796875
4.468750
4.390625
4.343750
4.328125
4.250000
4.109375
4.125000
4.187500
4.328125
4.375000
4.234375
3.984375
3.953125
4.109375
4.437500
4.437500
4.250000
4.015625
3.906250
3.906250
3.953125
4.015625
3.828125
3.921875
4.078125
5.156250
5.281250
2.578125
1.515625
