0.171875
0.875000
0.000000
0.000000
0.000000
0.000000
0.000000
0.000000
0.000000
0.000000
0.000000
0.000000
0.000000
0.000000
0.000000
0.000000
0.000000
0.000000
0.000000
0.000000
0.000000
0.000000
0.000000
0.000000
0.000000
0.000000
0.000000
0.000000
0.000000
0.000000
0.000000
0.000000
0.000000
0.000000
0.000000
0.031250
2.312500
1.703125
1.203125
1.750000
0.000000
4.125000
2.562500
0.796875
0.000000
0.203125
0.000000
0.234375
0.375000
0.312500
0.203125
0.343750
0.500000
0.109375
0.218750
0.578125
0.140625
0.281250
0.750000
0.296875
0.062500
0.562500
0.468750
0.421875
0.640625
0.281250
0.156250
0.000000
0.000000
0.000000
0.078125
0.000000
0.062500
0.234375
0.000000
0.000000
0.000000
0.000000
3.281250
0.734375
3.437500
6.437500
6.500000
5.953125
5.546875
5.640625
6.046875
6.265625
6.421875
6.468750
6.406250
6.625000
6.937500
7.093750
7.218750
7.312500
7.250000
7.250000
7.500000
7.812500
8.203125
8.375000
8.187500
8.296875
8.546875
8.687500
9.312500
9.562500
9.156250
9.156250
9.343750
9.328125
9.234375
8.859375
9.656250
10.671875
8.921875
4.765625
1.750000
1.546875
4.906250
7.968750
13.187500
12.343750
11.703125
11.281250
11.406250
11.921875
12.234375
12.250000
12.921875
14.093750
14.484375
14.875000
15.406250
15.125000
15.531250
16.593750
17.046875
17.359375
18.296875
19.421875
19.640625
18.843750
17.140625
15.781250
14.796875
14.281250
14.093750
14.265625
13.890625
14.234375
14.406250
14.046875
13.562500
13.296875
13.671875
15.234375
12.984375
6.312500
0.000000
0.000000
0.000000
0.000000
0.000000
0.000000
0.000000
0.000000
0.000000
0.000000
0.000000
0.000000
0.000000
0.000000
0.000000
0.000000
0.000000
0.000000
0.000000
0.000000
0.000000
0.000000
0.000000
0.000000
0.000000
0.000000
0.000000
0.000000
0.000000
0.000000
0.000000
0.000000
0.000000
0.000000
0.000000
0.000000
0.000000
0.359375
0.906250
0.000000
0.000000
0.000000
0.000000
0.000000
0.000000
0.000000
0.000000
0.000000
0.000000
0.000000
0.000000
0.000000
0.000000
0.000000
0.000000
0.000000
0.000000
0.000000
0.000000
0.000000
0.000000
0.000000
0.000000
0.000000
0.000000
0.000000
0.000000
0.000000
0.000000
0.000000
0.000000
0.000000
0.000000
0.000000
0.000000
0.000000
0.000000
0.000000
0.000000
1.515625
0.000000
0.718750
0.265625
0.781250
0.656250
0.578125
0.593750
0.625000
0.718750
0.640625
0.593750
0.703125
0.625000
0.703125
0.781250
0.703125
0.687500
0.734375
0.562500
0.671875
0.828125
0.781250
0.734375
0.781250
0.609375
0.609375
0.765625
0.781250
0.781250
0.968750
0.703125
0.796875
0.875000
0.640625
0.640625
0.890625
0.125000
0.609375
0.000000
0.000000
0.500000
0.000000
0.359375
0.296875
0.468750
0.843750
0.734375
0.703125
0.718750
0.656250
0.656250
0.671875
0.734375
0.906250
0.968750
0.796875
0.937500
0.765625
0.703125
1.015625
1.000000
1.125000
1.359375
1.484375
1.296875
1.390625
1.171875
1.125000
1.218750
1.234375
1.046875
1.218750
1.109375
1.109375
1.234375
0.984375
0.734375
1.359375
0.093750
1.640625
0.171875
0.000000
0.000000
0.000000
0.000000
0.000000
0.000000
0.000000
0.000000
0.000000
0.000000
0.000000
0.000000
0.000000
0.000000
0.000000
0.000000
0.000000
0.000000
0.000000
0.000000
0.000000
0.000000
0.000000
0.000000
0.000000
0.000000
0.000000
0.000000
0.000000
0.000000
0.000000
0.000000
0.000000
0.000000
0.000000
1.546875
2.609375
0.953125
0.218750
0.000000
3.140625
0.000000
0.000000
0.000000
0.000000
0.000000
0.000000
0.000000
0.046875
0.000000
0.000000
0.000000
0.000000
0.000000
0.250000
0.000000
0.000000
0.000000
0.000000
0.000000
0.000000
0.000000
0.000000
0.156250
0.000000
0.000000
0.000000
0.000000
0.000000
0.000000
0.000000
0.000000
0.000000
0.000000
0.000000
0.000000
0.000000
2.125000
2.140625
0.000000
0.000000
0.000000
0.000000
0.078125
0.000000
0.000000
0.000000
0.000000
0.000000
0.000000
0.000000
0.000000
0.000000
0.000000
0.000000
0.000000
0.000000
0.000000
0.000000
0.000000
0.000000
0.000000
0.000000
0.000000
0.000000
0.000000
0.000000
0.000000
0.000000
0.000000
0.000000
0.000000
0.000000
0.000000
0.000000
1.703125
3.859375
1.843750
1.718750
1.093750
0.203125
0.000000
0.000000
0.000000
0.000000
0.000000
0.000000
0.000000
0.000000
0.000000
0.000000
0.000000
0.000000
0.000000
0.000000
0.000000
0.000000
0.000000
0.000000
0.000000
0.000000
0.000000
0.000000
0.078125
0.062500
0.000000
0.000000
0.000000
0.000000
0.000000
0.000000
0.000000
0.000000
0.000000
0.000000
0.000000
0.000000
2.078125
3.859375
1.234375
2.250000
0.921875
0.656250
0.625000
0.734375
1.078125
0.812500
0.921875
1.031250
0.890625
1.062500
1.140625
1.015625
1.031250
1.046875
1.000000
0.984375
1.218750
1.187500
1.156250
1.218750
1.031250
1.093750
1.250000
1.093750
1.218750
1.234375
0.921875
1.062500
1.234375
1.062500
1.125000
1.234375
1.156250
1.843750
1.265625
0.000000
1.906250
4.156250
6.906250
6.078125
4.343750
3.171875
1.640625
1.578125
1.781250
1.968750
2.046875
1.937500
2.203125
2.390625
2.109375
2.015625
2.359375
2.218750
2.359375
2.812500
2.531250
2.375000
2.875000
2.750000
2.515625
2.359375
2.156250
1.984375
2.046875
1.796875
1.843750
1.828125
1.578125
1.765625
1.953125
1.578125
1.640625
1.796875
1.578125
2.703125
1.421875
0.000000
1.625000
0.000000
0.000000
0.000000
0.000000
0.000000
0.000000
0.000000
0.000000
0.000000
0.000000
0.000000
0.000000
0.000000
0.000000
0.000000
0.000000
0.000000
0.000000
0.000000
0.000000
0.000000
0.000000
0.000000
0.000000
0.000000
0.000000
0.000000
0.000000
0.000000
0.000000
0.000000
0.000000
0.000000
0.000000
0.000000
0.000000
0.000000
0.000000
2.328125
4.281250
4.093750
0.000000
0.000000
0.000000
0.000000
0.000000
0.000000
0.000000
0.000000
0.000000
0.000000
0.000000
0.000000
0.000000
0.000000
0.000000
0.000000
0.000000
0.000000
0.000000
0.000000
0.000000
0.000000
0.000000
0.000000
0.000000
0.000000
0.000000
0.000000
0.000000
0.000000
0.000000
0.000000
0.000000
0.000000
0.000000
0.000000
0.000000
0.000000
