0000
0000
0000
0000
0006
0018
0012
0023
0021
0011
001d
0013
0012
0026
0026
001c
0020
001b
000e
0018
0014
0010
001c
0023
000f
001b
0009
0005
0023
0020
001e
0021
0015
0000
0000
0000
0000
0000
0000
0000
0000
0000
0000
0000
0000
0000
0000
0000
0000
0000
0000
0000
0000
0000
0000
0000
0000
0000
0000
0000
0000
0000
0000
0000
0000
0000
0000
0000
0000
0010
0025
0002
0000
0000
0000
0000
0000
0000
0000
0000
0074
00cf
00fa
01e0
0273
028b
0297
02a9
02b9
02bd
02bc
02d6
02e4
02f7
030b
030b
030a
0316
0331
033f
0351
035a
0358
0374
039a
0399
03b6
03b5
0399
03b8
03ce
03c0
03c8
03cd
0399
0323
0215
0000
0000
0000
02bc
02a3
019a
00bd
0222
039c
0466
0487
0491
04a4
04df
051d
0544
0572
05a4
05ae
05d5
0606
061a
0671
06e5
0704
06b2
0612
0573
0525
052e
0558
057b
0591
058e
0589
0575
0536
052d
0580
051e
047c
02ab
0053
