006e
0011
0000
0000
0000
0000
0000
0000
0000
0000
0000
0000
0000
0000
0000
0000
0000
0000
0288
025b
0000
01d2
007e
0000
0000
0000
0000
0000
0000
0000
0000
0000
0057
0000
0000
0000
0000
0000
0000
016a
0000
0000
0000
0000
0000
0000
0000
0000
0000
0000
0000
0000
0000
0000
0000
0000
0000
0000
00f8
0000
003e
017b
0000
0000
0000
0000
0000
0000
0000
0000
0000
0000
0000
0000
0000
0000
0000
0000
0000
0000
0075
0059
00d4
00e3
00f4
00f0
0101
0114
0113
011d
012a
0136
0147
0143
013e
015e
016e
008f
0000
0000
0000
0000
0000
01b5
01b1
01cf
020c
023d
023e
0260
025d
0167
00c0
0170
01f2
01ed
01c4
01f4
0083
0000
0000
0000
0000
0000
0000
0000
0000
0000
0000
0000
0000
0000
0000
0000
0000
0000
0000
0000
0000
0000
0000
0000
0000
0000
0000
0000
0000
0000
0000
0000
0000
0000
0000
0000
0000
0000
0000
0000
0000
0000
0000
0000
0000
0000
0000
0000
0000
0000
0000
0000
0000
0000
0000
0000
0000
0000
0000
0000
0000
0000
0000
0000
0000
0000
0000
0000
0000
0000
0000
0000
0000
0000
0000
0000
0000
0000
0000
0000
0000
0095
01e0
011e
007d
0067
0066
0082
0072
0063
007e
0091
0091
0090
008f
0099
008c
0055
003e
00bf
021c
06ed
0a27
0809
0493
0123
0142
015f
0133
0141
019c
0188
011a
018d
01fc
0180
00ed
00d1
00b0
0047
0173
015c
0077
0091
0000
000a
0000
0000
0009
0000
0000
0000
0000
0005
0000
002c
005d
0019
0000
001d
0000
0000
0000
0223
019d
0000
0000
0000
0000
0000
0000
0000
002a
01d0
0287
011b
0011
0038
0052
0020
006b
0267
0084
001a
0000
0000
0000
0000
0000
0000
0000
0000
0000
0000
0000
0000
0000
0000
0000
0000
013f
0000
0000
02e7
0000
0000
0000
0000
0000
0000
0000
0000
0000
0000
0000
0000
0000
0000
0000
0000
0000
01ca
