2.453125
5.718750
5.468750
6.640625
6.687500
6.875000
7.234375
7.765625
7.640625
7.640625
8.343750
8.562500
8.703125
9.781250
10.265625
9.640625
8.437500
8.453125
8.718750
0.000000
0.000000
13.109375
4.296875
7.406250
9.390625
10.390625
11.500000
12.187500
12.765625
13.843750
14.890625
16.765625
15.406250
14.078125
13.453125
14.140625
14.078125
12.687500
14.671875
17.203125
1.296875
0.000000
0.765625
0.328125
0.625000
0.375000
0.406250
0.890625
0.562500
0.609375
0.765625
0.656250
0.953125
1.296875
0.968750
1.437500
1.750000
6.140625
10.796875
0.000000
4.328125
1.328125
0.000000
2.156250
1.171875
1.078125
1.359375
2.093750
1.671875
1.718750
3.171875
4.656250
2.781250
1.578125
1.781250
2.468750
2.703125
2.234375
8.484375
8.093750
0.000000
0.000000
0.000000
0.000000
0.000000
0.000000
0.000000
0.000000
0.000000
0.000000
0.000000
0.000000
0.000000
0.000000
0.000000
0.000000
0.000000
0.000000
0.000000
4.578125
0.000000
0.000000
0.000000
0.000000
0.000000
0.000000
0.000000
0.000000
0.000000
0.000000
0.000000
0.000000
0.000000
0.000000
0.000000
0.000000
0.000000
0.000000
0.000000
1.515625
1.859375
1.328125
0.796875
1.156250
1.015625
1.218750
1.312500
1.234375
1.218750
1.703125
1.656250
1.578125
2.156250
2.312500
1.968750
1.750000
2.625000
8.546875
5.437500
8.625000
11.937500
0.000000
0.000000
2.328125
3.375000
3.984375
4.375000
4.468750
5.031250
5.109375
6.453125
5.734375
2.890625
2.500000
3.296875
4.093750
3.406250
4.921875
10.625000
0.000000
0.000000
3.328125
4.312500
5.390625
5.671875
5.625000
6.046875
6.484375
6.296875
6.296875
6.890625
7.171875
7.187500
7.500000
7.593750
7.796875
6.812500
8.046875
7.281250
0.000000
3.046875
0.000000
0.000000
6.781250
7.953125
8.328125
9.843750
10.359375
10.281250
11.406250
12.609375
7.953125
3.218750
5.484375
10.250000
11.078125
10.171875
10.265625
10.109375
0.000000
3.421875
0.000000
0.171875
0.000000
0.000000
0.000000
0.000000
0.000000
0.000000
0.000000
0.000000
0.000000
0.000000
0.000000
0.000000
0.000000
0.000000
0.000000
0.000000
0.000000
10.140625
0.000000
4.281250
0.000000
0.000000
0.000000
0.000000
0.000000
0.000000
0.000000
0.000000
0.000000
0.000000
0.000000
0.000000
0.000000
0.000000
0.000000
0.000000
0.000000
0.000000
1.812500
0.843750
0.906250
0.734375
1.000000
0.937500
1.046875
0.859375
1.046875
1.125000
1.203125
1.234375
1.203125
1.593750
1.140625
1.203125
2.250000
2.421875
0.000000
0.000000
0.000000
0.375000
0.203125
1.062500
1.375000
1.296875
1.281250
1.625000
2.156250
2.984375
3.562500
2.796875
1.625000
1.500000
2.156250
1.687500
2.046875
4.593750
0.515625
2.125000
0.000000
2.375000
2.625000
3.000000
2.609375
3.187500
3.546875
3.265625
3.703125
3.953125
3.609375
4.562500
5.656250
5.078125
6.171875
8.156250
15.093750
12.609375
0.000000
9.953125
6.000000
6.453125
8.296875
7.265625
7.890625
9.265625
9.890625
9.812500
10.250000
17.312500
20.421875
16.609375
10.828125
9.390625
10.015625
11.171875
13.359375
20.875000
15.187500
