1.734375
0.000000
0.000000
0.000000
0.000000
0.000000
0.000000
0.000000
0.000000
0.000000
0.000000
0.000000
0.000000
0.000000
0.000000
0.000000
0.000000
0.000000
0.000000
0.000000
0.000000
0.000000
0.000000
0.000000
0.000000
0.000000
0.000000
0.000000
0.000000
0.000000
0.000000
0.000000
0.000000
0.000000
0.000000
0.000000
0.000000
0.000000
0.000000
2.750000
9.812500
6.500000
0.000000
0.000000
0.000000
0.000000
0.000000
0.000000
0.000000
0.000000
0.000000
0.000000
0.000000
0.000000
0.000000
0.000000
0.000000
0.000000
0.000000
0.000000
0.000000
0.000000
0.000000
0.000000
0.000000
0.000000
0.000000
0.000000
0.000000
0.000000
0.000000
0.000000
0.000000
0.000000
0.000000
0.000000
0.000000
0.000000
0.000000
0.000000
0.000000
0.000000
0.000000
1.125000
0.328125
0.437500
0.953125
0.609375
0.843750
0.875000
0.718750
0.828125
0.812500
0.750000
0.843750
1.078125
0.921875
0.796875
0.828125
0.578125
0.734375
0.796875
0.828125
0.921875
0.796875
0.640625
1.078125
1.015625
1.125000
1.593750
1.390625
1.140625
1.093750
0.234375
0.000000
1.140625
5.078125
4.875000
0.000000
0.000000
0.000000
0.000000
0.000000
0.000000
0.000000
0.000000
0.000000
0.000000
0.000000
0.000000
0.000000
0.000000
0.000000
0.000000
0.000000
0.000000
0.000000
0.000000
0.000000
0.000000
0.000000
0.000000
1.093750
2.718750
3.437500
3.265625
2.625000
1.281250
1.093750
1.062500
0.953125
1.656250
1.890625
1.453125
1.859375
0.000000
0.000000
4.125000
6.203125
6.703125
