0105
008b
004c
002d
0010
0023
0022
0005
001c
0042
0030
0026
002e
0000
0000
0000
0000
0000
0000
0000
0000
0000
00ca
00b6
00c0
0106
00c1
009c
0110
0109
0000
0000
0000
0000
0000
0000
0000
0000
0000
0000
0025
00f9
00a7
0082
007d
008d
008c
0090
008f
0095
009c
0092
00a4
00bd
00ca
00c4
00bc
0044
00f5
0227
029c
0392
0272
00bf
00a6
00ba
00c1
00aa
00b2
00ef
0148
0219
02aa
0209
0115
00ff
012a
0114
013c
0243
008f
004d
00a7
0082
008d
008c
0086
009f
0093
0089
0097
0099
008e
00b9
00be
00a7
0087
0137
019d
0000
01db
0000
0000
007f
0046
004e
0069
0063
005e
0059
006a
004d
0070
00eb
00e9
00dc
00c0
0109
0179
0123
0000
0000
0000
0000
0000
0000
0000
0000
0000
0000
0000
0000
0000
0000
0000
0000
0000
00a6
0321
0000
0000
036e
0000
0000
0000
0000
0000
0000
0000
0000
0000
00c4
0032
0000
0000
0000
0000
0000
0154
028c
0000
0005
0000
0000
0000
0000
0000
0000
0000
0000
0000
0000
0000
0000
0000
0000
0000
0000
0318
01c6
0030
0000
0061
0000
0000
0000
0000
0000
0000
0000
0000
0000
0000
0000
0000
0000
0000
0000
0000
035a
0000
0000
0000
0000
0000
0000
0000
0000
0000
0000
0000
0000
0000
0000
0000
0000
0000
0000
010c
00ee
0000
009f
0000
0000
0000
0000
0000
0000
0000
0000
0000
0000
0000
0000
0000
0000
0000
0000
0000
0245
0000
000b
0070
005f
007e
0067
006a
0094
0073
007a
0097
0085
0092
00b9
0099
00b5
012b
020e
02dd
0000
00f1
0000
0000
008f
0086
0092
00ba
00dd
00c3
00d0
014d
0122
0058
0091
00e6
0100
0102
01cc
02cf
01aa
0000
0000
0000
0000
0000
0000
0000
0000
0000
0000
0002
0000
0000
0000
0000
0000
001c
0000
0000
02ab
0398
008e
001e
0025
003c
0051
005f
0050
005f
0073
0018
0000
0000
0000
0002
0000
0000
0000
0000
0000
