-0.531250
1.765625
0.515625
-0.937500
-0.750000
-0.609375
-0.484375
-0.625000
-0.515625
-0.531250
-0.562500
-0.250000
-0.484375
-0.531250
-0.500000
-0.562500
-0.593750
-0.421875
-0.375000
-0.453125
-0.390625
-0.531250
-0.593750
-0.531250
-0.359375
-0.484375
-0.375000
-0.546875
-0.640625
-0.453125
-0.609375
-0.656250
-0.500000
-0.500000
-0.437500
-0.359375
1.750000
2.796875
3.218750
3.296875
1.984375
6.625000
7.500000
5.046875
-0.109375
0.000000
-0.109375
0.062500
0.265625
0.437500
0.265625
0.531250
0.437500
0.234375
0.218750
0.375000
0.265625
0.703125
0.671875
0.484375
0.375000
0.156250
0.375000
0.328125
0.468750
0.468750
0.078125
-0.250000
-0.484375
-0.687500
-0.453125
-0.343750
-0.453125
-0.265625
-0.234375
-0.390625
-0.375000
-0.890625
2.546875
3.359375
2.968750
4.625000
3.750000
3.375000
2.984375
3.187500
3.859375
3.578125
3.734375
3.953125
3.656250
3.921875
4.312500
4.156250
4.203125
4.312500
4.203125
4.000000
4.593750
4.671875
4.718750
4.984375
4.656250
4.687500
5.125000
5.015625
5.375000
5.703125
4.937500
5.093750
5.609375
5.187500
5.171875
5.187500
5.500000
6.718750
6.484375
2.578125
0.671875
0.906250
7.031250
9.578125
7.515625
7.468750
6.859375
6.375000
6.734375
7.218750
7.312500
7.203125
7.859375
8.687500
8.578125
8.546875
9.218750
9.062500
9.015625
10.312500
10.156250
9.953125
11.171875
11.750000
11.265625
10.578125
9.453125
8.359375
8.296875
7.968750
8.156250
8.343750
7.859375
8.125000
8.593750
7.796875
7.453125
7.765625
7.984375
9.500000
9.234375
1.578125
