0.312500
0.312500
0.828125
0.500000
1.187500
0.765625
0.921875
1.765625
0.953125
0.921875
1.453125
1.046875
1.750000
3.703125
3.250000
3.343750
5.265625
13.781250
22.187500
15.937500
25.109375
27.625000
10.765625
2.578125
1.296875
0.859375
2.328125
3.437500
1.953125
2.078125
11.468750
20.203125
18.609375
10.968750
5.843750
6.328125
7.312500
8.843750
22.328125
19.968750
-3.640625
-2.718750
-3.562500
-3.671875
-3.984375
-4.109375
-3.937500
-4.515625
-4.312500
-4.218750
-4.609375
-4.890625
-4.781250
-5.234375
-5.093750
-4.546875
-3.562500
-5.812500
-8.515625
11.625000
-1.437500
0.390625
3.265625
-2.828125
-3.687500
-3.796875
-4.156250
-4.750000
-4.859375
-5.046875
-4.093750
3.625000
7.062500
-0.703125
-6.062500
-6.781250
-5.203125
-5.453125
-5.359375
0.171875
-1.015625
-0.437500
2.656250
2.671875
3.406250
2.984375
3.140625
4.234375
3.406250
3.187500
3.796875
3.656250
4.140625
5.593750
5.109375
5.703125
7.703125
16.093750
16.500000
0.625000
18.531250
-1.500000
-0.484375
2.531250
2.109375
1.781250
3.812500
4.531250
2.750000
3.531250
11.796875
11.656250
7.531250
7.625000
8.093750
8.687500
8.703125
13.093750
22.109375
10.187500
-4.687500
-1.046875
-1.515625
-0.625000
-0.687500
-0.828125
-0.593750
-0.781250
-0.812500
-0.671875
-0.656250
-0.515625
-0.640625
-1.125000
-0.984375
-0.984375
-0.843750
-4.781250
-19.750000
-14.562500
-22.687500
-20.750000
-11.640625
-1.343750
-0.109375
0.125000
0.312500
0.375000
0.359375
0.609375
-1.921875
-4.640625
-7.750000
-5.515625
-2.218750
-1.562500
-1.968750
-2.203125
-8.046875
-14.515625
