1.218750
0.359375
0.000000
0.000000
0.000000
0.000000
0.000000
0.000000
0.000000
0.000000
0.000000
0.000000
0.000000
0.000000
0.000000
0.000000
0.578125
6.171875
7.890625
35.296875
26.718750
12.453125
14.359375
10.171875
4.515625
2.578125
1.578125
2.828125
3.250000
1.250000
0.000000
4.000000
9.968750
9.375000
1.890625
0.000000
0.000000
2.406250
0.578125
0.000000
0.171875
0.000000
0.000000
0.875000
1.312500
2.187500
2.000000
1.437500
2.609375
2.359375
1.312500
2.234375
3.562500
2.843750
3.828125
5.015625
10.140625
16.421875
10.625000
24.796875
6.625000
0.000000
0.000000
0.000000
0.000000
1.046875
0.000000
0.546875
2.640625
5.968750
8.687500
13.843750
6.453125
0.000000
2.531250
6.171875
8.343750
14.140625
16.984375
0.000000
0.468750
0.359375
1.171875
0.468750
1.203125
0.671875
0.000000
1.328125
0.562500
0.015625
1.406250
0.296875
0.000000
0.000000
0.000000
0.000000
0.000000
0.000000
0.390625
0.000000
0.000000
0.000000
0.000000
0.000000
0.234375
0.000000
0.000000
0.781250
0.187500
0.000000
0.000000
0.000000
0.000000
0.000000
0.000000
0.000000
0.000000
0.000000
0.000000
18.187500
0.000000
0.000000
0.000000
0.000000
0.000000
0.000000
0.000000
0.000000
0.000000
0.000000
0.000000
0.000000
0.000000
0.000000
0.000000
0.000000
0.000000
0.000000
0.000000
0.000000
0.000000
0.000000
0.000000
0.703125
0.000000
0.000000
0.000000
0.000000
0.000000
0.171875
0.937500
0.000000
0.000000
0.000000
0.000000
0.000000
0.000000
0.000000
0.000000
0.000000
