1.000000
1.593750
0.656250
5.875000
5.031250
1.125000
0.000000
0.000000
0.000000
0.000000
0.000000
0.000000
0.000000
0.000000
0.000000
0.000000
0.000000
0.000000
0.000000
0.000000
0.000000
0.000000
0.000000
0.000000
0.000000
0.000000
0.000000
0.000000
0.000000
0.000000
0.000000
0.000000
0.000000
0.000000
0.000000
0.000000
0.000000
0.000000
0.000000
7.984375
3.734375
3.453125
7.187500
2.734375
0.000000
0.000000
1.765625
3.015625
2.578125
1.296875
1.625000
3.250000
2.437500
0.953125
0.000000
0.000000
1.796875
0.000000
0.000000
0.000000
1.437500
9.937500
13.953125
0.000000
0.000000
0.000000
0.000000
0.781250
0.000000
1.625000
1.562500
0.000000
0.000000
0.000000
0.000000
0.000000
0.000000
17.468750
21.703125
21.031250
1.343750
0.000000
0.000000
9.250000
12.296875
12.718750
9.687500
10.640625
13.109375
12.375000
10.218750
10.515625
11.781250
16.046875
21.578125
0.000000
0.000000
0.000000
0.000000
0.000000
0.000000
0.000000
0.000000
0.000000
0.000000
0.000000
0.000000
2.171875
0.000000
0.000000
0.000000
0.000000
11.140625
20.546875
13.921875
5.140625
0.000000
0.000000
0.000000
37.640625
7.062500
6.140625
4.203125
0.843750
3.171875
7.937500
8.718750
9.046875
10.046875
11.484375
13.875000
14.031250
13.515625
17.125000
30.687500
15.718750
10.062500
0.000000
0.000000
0.000000
0.000000
0.000000
0.000000
0.000000
0.000000
0.000000
4.109375
14.968750
16.953125
13.921875
17.046875
15.281250
3.281250
0.000000
0.000000
20.078125
9.437500
0.000000
0.000000
0.000000
