0.796875
0.656250
0.640625
0.640625
0.625000
0.609375
0.609375
0.609375
0.625000
0.625000
0.609375
0.609375
0.640625
0.656250
0.671875
0.671875
0.656250
0.671875
0.687500
0.734375
0.718750
0.687500
0.687500
0.703125
0.734375
0.750000
0.765625
0.750000
0.734375
0.750000
0.765625
0.765625
0.796875
0.765625
0.781250
0.812500
0.812500
0.843750
0.875000
0.859375
0.859375
0.859375
0.859375
0.890625
0.875000
0.890625
0.890625
0.875000
0.890625
0.921875
0.921875
0.921875
0.921875
0.921875
0.953125
0.953125
0.968750
0.906250
0.890625
0.921875
0.937500
0.968750
0.968750
0.953125
0.937500
0.953125
0.953125
0.968750
1.000000
0.984375
0.968750
1.062500
1.078125
0.921875
0.500000
0.000000
0.000000
0.000000
0.000000
0.000000
0.000000
0.640625
1.421875
1.578125
1.343750
1.140625
1.125000
1.187500
1.218750
1.218750
1.203125
1.234375
1.234375
1.265625
1.281250
1.328125
1.343750
1.359375
1.390625
1.406250
1.406250
1.421875
1.468750
1.500000
1.546875
1.531250
1.546875
1.546875
1.609375
1.609375
1.656250
1.656250
1.640625
1.656250
1.718750
1.781250
1.828125
1.812500
1.812500
1.812500
1.859375
1.906250
1.937500
1.953125
1.953125
1.937500
1.890625
1.890625
1.796875
1.734375
1.625000
1.578125
1.531250
1.515625
1.484375
1.437500
1.421875
1.406250
1.437500
1.437500
1.437500
1.437500
1.406250
1.390625
1.406250
1.453125
1.437500
1.406250
1.359375
1.359375
1.375000
1.390625
1.390625
1.406250
1.390625
1.406250
1.421875
1.437500
0.296875
0.015625
0.218750
0.000000
0.000000
0.000000
0.000000
0.000000
0.000000
0.000000
0.015625
0.000000
0.000000
0.000000
0.000000
0.000000
0.015625
0.000000
0.000000
0.000000
0.000000
0.000000
0.000000
0.000000
0.000000
0.000000
0.000000
0.000000
0.000000
0.000000
0.000000
0.000000
0.000000
0.000000
0.015625
0.015625
0.015625
0.015625
0.015625
0.000000
0.000000
0.000000
0.000000
0.000000
0.000000
0.000000
0.031250
0.031250
0.000000
0.000000
0.031250
0.015625
0.015625
0.000000
0.000000
0.000000
0.000000
0.015625
0.031250
0.015625
0.000000
0.000000
0.000000
0.015625
0.031250
0.031250
0.015625
0.015625
0.031250
0.015625
0.031250
0.015625
0.015625
0.000000
0.031250
0.078125
0.046875
0.000000
0.000000
0.000000
0.000000
0.000000
0.000000
0.000000
0.250000
0.390625
0.187500
0.015625
0.000000
0.031250
0.031250
0.046875
0.031250
0.046875
0.031250
0.031250
0.046875
0.046875
0.046875
0.046875
0.062500
0.062500
0.062500
0.046875
0.046875
0.078125
0.062500
0.078125
0.078125
0.062500
0.046875
0.078125
0.078125
0.078125
0.078125
0.062500
0.062500
0.078125
0.093750
0.109375
0.078125
0.078125
0.078125
0.078125
0.109375
0.093750
0.093750
0.062500
0.078125
0.093750
0.078125
0.062500
0.046875
0.046875
0.031250
0.031250
0.031250
0.062500
0.031250
0.046875
0.046875
0.062500
0.078125
0.062500
0.046875
0.046875
0.046875
0.046875
0.078125
0.062500
0.015625
0.031250
0.046875
0.062500
0.062500
0.046875
0.031250
0.031250
0.031250
0.046875
0.187500
0.000000
