3.890625
1.531250
3.437500
2.812500
3.015625
2.781250
3.109375
3.593750
3.265625
3.843750
4.171875
3.671875
4.437500
5.093750
4.531250
5.359375
7.359375
18.609375
30.703125
16.109375
26.031250
13.625000
7.328125
7.750000
6.437500
7.406250
8.281250
8.843750
9.140625
9.296875
13.140625
20.312500
16.578125
10.953125
8.468750
8.750000
9.484375
12.421875
28.140625
26.812500
4.750000
1.484375
-1.484375
-2.484375
-3.109375
-2.625000
-3.031250
-3.703125
-3.187500
-2.656250
-3.093750
-3.578125
-3.515625
-4.265625
-4.359375
-4.750000
-4.921875
-4.609375
7.187500
10.171875
14.500000
20.125000
4.875000
-1.843750
-1.625000
-0.703125
-2.781250
-3.578125
-1.531250
-2.343750
-8.781250
-6.796875
-5.500000
-4.531250
-5.921875
-6.312500
-6.015625
-8.187500
-4.156250
10.109375
0.828125
-1.859375
-2.906250
-2.656250
-2.937500
-2.609375
-2.843750
-3.625000
-3.000000
-2.328125
-2.921875
-3.046875
-2.812500
-4.625000
-5.703125
-5.000000
-3.062500
-2.343750
-15.046875
22.062500
23.625000
-12.375000
3.312500
-0.765625
1.031250
1.390625
0.218750
-0.109375
1.312500
1.156250
-2.015625
-6.890625
-9.265625
-8.796875
-5.796875
-5.875000
-6.593750
-5.703125
-5.562500
-30.062500
4.250000
-0.281250
-2.828125
-3.796875
-4.500000
-3.921875
-4.281250
-5.593750
-4.640625
-3.781250
-4.687500
-5.093750
-5.000000
-6.218750
-6.796875
-6.718750
-6.500000
-8.421875
-21.125000
5.687500
18.046875
2.171875
10.546875
-0.515625
-0.625000
0.390625
-1.890625
-3.515625
-0.828125
-1.546875
-6.828125
-4.843750
-2.593750
-5.656250
-7.875000
-8.906250
-8.234375
-10.187500
-10.750000
-25.171875
