1.953125
3.093750
1.421875
1.000000
1.656250
1.687500
2.734375
1.859375
1.671875
2.750000
2.718750
2.546875
2.734375
2.843750
4.390625
13.062500
21.578125
23.500000
19.453125
5.734375
21.531250
0.000000
0.000000
14.921875
1.937500
4.703125
3.890625
1.000000
6.437500
17.046875
12.140625
0.000000
0.000000
0.000000
4.656250
8.343750
20.750000
17.500000
1.171875
0.000000
0.000000
0.000000
0.000000
0.000000
0.000000
0.000000
0.000000
0.000000
0.000000
0.000000
0.000000
0.000000
0.000000
0.000000
0.000000
0.000000
0.000000
0.203125
19.640625
0.000000
11.468750
0.000000
0.000000
0.000000
0.000000
0.000000
0.000000
0.000000
0.000000
0.000000
0.000000
0.000000
0.000000
0.000000
0.000000
0.000000
0.000000
0.000000
0.000000
0.000000
1.968750
1.390625
3.421875
1.437500
1.046875
0.531250
0.437500
1.312500
0.078125
0.062500
1.593750
1.796875
1.281250
2.578125
2.671875
8.390625
15.546875
19.453125
38.078125
0.000000
14.843750
11.765625
0.000000
7.843750
4.187500
4.328125
5.906250
5.531250
7.765625
13.296875
15.953125
11.625000
6.875000
6.906250
4.031250
5.390625
13.718750
12.640625
5.328125
11.734375
0.000000
2.062500
4.156250
7.343750
9.015625
9.500000
10.250000
10.515625
10.640625
10.843750
10.265625
10.109375
11.234375
12.156250
11.875000
7.687500
5.984375
4.156250
0.000000
0.000000
0.000000
0.000000
0.000000
0.000000
0.000000
1.906250
3.343750
3.546875
0.406250
0.000000
0.000000
2.390625
9.484375
12.000000
13.812500
13.937500
7.750000
17.593750
25.781250
27.250000
