0.000000
0.000000
0.000000
0.000000
0.000000
0.000000
0.000000
0.000000
0.000000
0.000000
0.000000
0.000000
0.000000
0.000000
0.000000
0.000000
0.000000
0.000000
0.000000
0.000000
0.000000
0.000000
0.000000
0.000000
0.000000
0.000000
0.000000
0.000000
0.000000
0.000000
0.000000
0.000000
0.000000
0.000000
0.000000
0.000000
0.000000
2.062500
1.937500
1.156250
0.000000
0.000000
0.000000
0.000000
0.000000
0.000000
0.000000
0.000000
0.000000
0.000000
0.000000
0.000000
0.000000
0.000000
0.000000
0.000000
0.000000
0.000000
0.000000
0.000000
0.000000
0.000000
0.000000
0.000000
0.000000
0.000000
0.000000
0.000000
0.000000
0.000000
0.000000
0.000000
0.000000
0.000000
0.000000
0.000000
0.000000
0.000000
0.000000
3.328125
0.171875
0.875000
0.000000
0.000000
0.000000
0.000000
0.000000
0.000000
0.000000
0.000000
0.000000
0.000000
0.000000
0.000000
0.000000
0.000000
0.000000
0.000000
0.000000
0.000000
0.000000
0.000000
0.000000
0.000000
0.000000
0.000000
0.000000
0.000000
0.000000
0.000000
0.000000
0.000000
0.000000
0.000000
0.000000
0.031250
2.312500
1.703125
1.203125
1.750000
0.000000
4.125000
2.562500
0.796875
0.000000
0.203125
0.000000
0.234375
0.375000
0.312500
0.203125
0.343750
0.500000
0.109375
0.218750
0.578125
0.140625
0.281250
0.750000
0.296875
0.062500
0.562500
0.468750
0.421875
0.640625
0.281250
0.156250
0.000000
0.000000
0.000000
0.078125
0.000000
0.062500
0.234375
0.000000
0.000000
0.000000
0.000000
3.281250
0.734375
0.734375
0.468750
1.468750
2.265625
1.968750
1.984375
1.859375
2.140625
2.046875
2.015625
2.140625
1.859375
2.171875
2.281250
2.218750
2.359375
2.328125
2.203125
2.281250
2.343750
2.390625
2.562500
2.609375
2.578125
2.531250
2.671875
2.796875
2.890625
2.953125
2.765625
2.937500
3.031250
2.828125
2.765625
3.000000
3.046875
2.312500
0.000000
0.000000
0.000000
0.000000
0.000000
0.000000
0.000000
3.406250
3.031250
3.140625
3.156250
3.187500
3.031250
3.312500
3.468750
3.718750
3.765625
3.953125
4.031250
4.000000
3.890625
4.359375
4.437500
4.562500
5.265625
5.093750
4.812500
4.390625
3.843750
3.875000
3.968750
4.046875
4.250000
4.015625
4.000000
4.109375
4.000000
3.718750
3.828125
4.031250
4.718750
3.015625
0.062500
3.437500
6.437500
6.500000
5.953125
5.546875
5.640625
6.046875
6.265625
6.421875
6.468750
6.406250
6.625000
6.937500
7.093750
7.218750
7.312500
7.250000
7.250000
7.500000
7.812500
8.203125
8.375000
8.187500
8.296875
8.546875
8.687500
9.312500
9.562500
9.156250
9.156250
9.343750
9.328125
9.234375
8.859375
9.656250
10.671875
8.921875
4.765625
1.750000
1.546875
4.906250
7.968750
13.187500
12.343750
11.703125
11.281250
11.406250
11.921875
12.234375
12.250000
12.921875
14.093750
14.484375
14.875000
15.406250
15.125000
15.531250
16.593750
17.046875
17.359375
18.296875
19.421875
19.640625
18.843750
17.140625
15.781250
14.796875
14.281250
14.093750
14.265625
13.890625
14.234375
14.406250
14.046875
13.562500
13.296875
13.671875
15.234375
12.984375
6.312500
