0.000000
0.000000
0.000000
0.000000
0.093750
0.375000
0.281250
0.546875
0.515625
0.265625
0.453125
0.296875
0.281250
0.593750
0.593750
0.437500
0.500000
0.421875
0.218750
0.375000
0.312500
0.250000
0.437500
0.546875
0.234375
0.421875
0.140625
0.078125
0.546875
0.500000
0.468750
0.515625
0.328125
0.000000
0.000000
0.000000
0.000000
0.000000
0.000000
0.000000
0.000000
0.000000
0.000000
0.000000
0.000000
0.000000
0.000000
0.000000
0.000000
0.000000
0.000000
0.000000
0.000000
0.000000
0.000000
0.000000
0.000000
0.000000
0.000000
0.000000
0.000000
0.000000
0.000000
0.000000
0.000000
0.000000
0.000000
0.000000
0.000000
0.250000
0.578125
0.031250
0.000000
0.000000
0.000000
0.000000
0.000000
0.000000
0.000000
0.000000
2.921875
1.203125
2.781250
4.484375
2.796875
2.265625
2.453125
2.406250
2.343750
2.437500
2.562500
2.625000
2.765625
2.625000
2.468750
2.656250
2.687500
2.765625
2.953125
2.828125
2.812500
2.890625
2.906250
2.984375
3.125000
3.062500
3.234375
3.187500
3.031250
3.281250
3.296875
3.078125
3.250000
3.406250
3.015625
1.828125
0.796875
1.968750
9.218750
10.343750
6.390625
0.000000
0.000000
0.078125
7.625000
4.828125
3.953125
3.796875
3.937500
4.390625
5.062500
4.828125
4.812500
4.671875
4.531250
4.234375
5.109375
5.375000
5.609375
6.015625
5.812500
5.359375
5.437500
6.859375
7.718750
7.890625
7.296875
5.812500
4.640625
4.125000
3.781250
4.187500
4.734375
4.546875
4.703125
4.875000
3.156250
4.203125
3.093750
0.218750
1.812500
3.234375
3.906250
7.500000
9.796875
10.171875
10.359375
10.640625
10.890625
10.953125
10.937500
11.343750
11.562500
11.859375
12.171875
12.171875
12.156250
12.343750
12.765625
12.984375
13.265625
13.406250
13.375000
13.812500
14.406250
14.390625
14.843750
14.828125
14.390625
14.875000
15.218750
15.000000
15.125000
15.203125
14.390625
12.546875
8.328125
0.000000
0.000000
0.000000
10.937500
10.546875
6.406250
2.953125
8.531250
14.437500
17.593750
18.109375
18.265625
18.562500
19.484375
20.453125
21.062500
21.781250
22.562500
22.718750
23.328125
24.093750
24.406250
25.765625
27.578125
28.062500
26.781250
24.281250
21.796875
20.578125
20.718750
21.375000
21.921875
22.265625
22.218750
22.140625
21.828125
20.843750
20.703125
22.000000
20.468750
17.937500
10.671875
1.296875
1.312500
0.000000
0.312500
0.000000
0.000000
0.000000
0.000000
0.000000
0.000000
0.000000
0.000000
0.000000
0.000000
0.000000
0.000000
0.000000
0.000000
0.000000
0.000000
0.000000
0.000000
0.000000
0.000000
0.000000
0.000000
0.000000
0.000000
0.000000
0.000000
0.000000
0.000000
0.000000
0.000000
0.000000
0.000000
0.312500
5.328125
10.625000
10.390625
4.218750
3.625000
15.046875
19.234375
11.421875
0.000000
0.000000
0.000000
0.000000
0.000000
0.000000
0.000000
0.000000
0.000000
0.000000
0.000000
0.000000
0.000000
0.000000
0.000000
0.000000
0.000000
0.000000
0.000000
0.000000
0.000000
0.000000
0.000000
0.000000
0.000000
0.000000
0.000000
0.000000
0.000000
0.000000
0.000000
0.000000
0.000000
1.078125
6.046875
9.343750
