002b
004e
0032
0003
0001
0002
0005
0002
0000
0006
000a
000f
000a
0007
000a
0009
000a
0009
0009
0002
0008
000a
000a
0008
0007
0007
000a
0008
0006
0008
0006
0007
0007
0009
0007
000b
000e
000a
0008
000b
0008
0008
0009
0003
0004
0005
0008
000c
0009
0008
000a
0009
0008
0009
0003
0000
0000
0002
0004
0004
0004
0002
0006
0005
0006
0006
0005
0003
000d
0014
000b
0000
0000
0000
0000
0000
0000
0000
000c
0056
008e
008e
007d
0092
0090
005a
0014
0000
0004
000b
000b
0009
0012
0011
000e
0010
0012
0010
000b
0011
0017
0015
0013
0013
000f
0010
000c
0012
000c
000a
0007
0009
0012
0015
0016
000f
000d
000c
0013
0012
0010
000b
000c
0005
0000
0000
0000
0000
0000
0000
0000
0000
0000
0000
0000
0000
0000
0000
0000
0000
0000
0000
0003
0002
0000
0000
0000
0000
0000
0000
0000
0000
0000
0002
0008
0000
0000
0000
0000
0000
