2.921875
1.203125
2.781250
4.484375
2.796875
2.265625
2.453125
2.406250
2.343750
2.437500
2.562500
2.625000
2.765625
2.625000
2.468750
2.656250
2.687500
2.765625
2.953125
2.828125
2.812500
2.890625
2.906250
2.984375
3.125000
3.062500
3.234375
3.187500
3.031250
3.281250
3.296875
3.078125
3.250000
3.406250
3.015625
1.828125
0.796875
1.968750
9.218750
10.343750
6.390625
0.000000
0.000000
0.078125
7.625000
4.828125
3.953125
3.796875
3.937500
4.390625
5.062500
4.828125
4.812500
4.671875
4.531250
4.234375
5.109375
5.375000
5.609375
6.015625
5.812500
5.359375
5.437500
6.859375
7.718750
7.890625
7.296875
5.812500
4.640625
4.125000
3.781250
4.187500
4.734375
4.546875
4.703125
4.875000
3.156250
4.203125
3.093750
0.218750
1.312500
0.000000
0.312500
0.000000
0.000000
0.000000
0.000000
0.000000
0.000000
0.000000
0.000000
0.000000
0.000000
0.000000
0.000000
0.000000
0.000000
0.000000
0.000000
0.000000
0.000000
0.000000
0.000000
0.000000
0.000000
0.000000
0.000000
0.000000
0.000000
0.000000
0.000000
0.000000
0.000000
0.000000
0.000000
0.312500
5.328125
10.625000
10.390625
4.218750
3.625000
15.046875
19.234375
11.421875
0.000000
0.000000
0.000000
0.000000
0.000000
0.000000
0.000000
0.000000
0.000000
0.000000
0.000000
0.000000
0.000000
0.000000
0.000000
0.000000
0.000000
0.000000
0.000000
0.000000
0.000000
0.000000
0.000000
0.000000
0.000000
0.000000
0.000000
0.000000
0.000000
0.000000
0.000000
0.000000
0.000000
1.078125
6.046875
9.343750
