-0.156250
0.890625
1.421875
1.046875
1.046875
1.031250
1.062500
1.203125
1.187500
1.218750
1.250000
1.250000
1.281250
1.359375
1.406250
1.390625
1.468750
1.500000
1.484375
1.593750
1.671875
1.687500
1.703125
1.718750
1.796875
1.921875
1.937500
2.046875
2.031250
1.921875
1.968750
2.000000
1.921875
1.843750
2.125000
2.093750
1.265625
2.671875
-0.171875
-6.671875
-7.671875
-2.843750
3.000000
3.312500
2.640625
2.515625
2.500000
2.578125
2.625000
2.828125
2.843750
3.125000
3.296875
3.531250
3.453125
3.656250
3.546875
3.781250
3.890625
4.062500
4.187500
4.343750
4.546875
4.375000
4.093750
3.687500
3.375000
3.296875
3.109375
3.109375
3.234375
3.187500
3.187500
3.234375
3.093750
2.937500
3.203125
2.906250
2.984375
3.421875
-0.031250
1.406250
2.109375
2.671875
2.218750
2.265625
2.328125
2.500000
2.515625
2.468750
2.421875
2.453125
2.671875
2.750000
2.781250
2.843750
2.750000
2.625000
2.750000
2.812500
2.968750
3.156250
3.062500
3.046875
3.031250
3.093750
3.406250
3.562500
3.343750
3.500000
3.484375
3.468750
3.453125
3.187500
3.468750
3.875000
3.187500
0.421875
-1.046875
-1.281250
0.437500
-1.203125
1.078125
1.640625
3.875000
3.562500
3.750000
3.687500
3.703125
3.531250
3.937500
4.250000
4.375000
4.593750
4.890625
4.562500
4.781250
4.921875
4.937500
5.343750
5.796875
6.343750
6.265625
5.984375
5.125000
4.750000
4.687500
4.781250
5.000000
5.234375
4.765625
5.031250
5.093750
4.734375
4.625000
4.656250
4.765625
5.703125
3.812500
0.171875
