0.515625
0.093750
0.218750
1.031250
1.000000
1.015625
0.921875
0.984375
1.078125
1.000000
0.859375
0.640625
0.890625
1.062500
1.046875
1.031250
0.937500
0.984375
0.937500
1.171875
1.156250
1.000000
0.921875
0.968750
1.093750
1.140625
1.140625
1.140625
1.093750
1.062500
1.140625
1.093750
1.203125
1.125000
1.109375
1.093750
1.031250
1.125000
1.281250
1.203125
1.218750
1.218750
1.187500
1.296875
1.343750
1.328125
1.234375
1.156250
1.203125
1.312500
1.375000
1.328125
1.281250
1.218750
1.421875
1.546875
1.609375
1.453125
1.250000
1.250000
1.375000
1.546875
1.500000
1.453125
1.375000
1.343750
1.406250
1.500000
1.406250
1.140625
1.187500
1.562500
1.843750
1.890625
1.593750
0.812500
0.062500
-0.078125
-0.453125
-2.187500
-2.765625
-1.968750
0.359375
1.296875
0.500000
0.125000
0.984375
1.703125
1.812500
1.703125
1.625000
1.703125
1.546875
1.546875
1.625000
1.765625
1.656250
1.656250
1.781250
1.671875
1.609375
1.656250
1.796875
1.984375
1.968750
1.984375
2.140625
1.859375
2.015625
2.156250
2.328125
2.312500
2.015625
1.921875
1.859375
2.218750
2.437500
2.500000
2.312500
2.171875
2.265625
2.500000
2.593750
2.750000
2.875000
2.765625
2.593750
2.609375
2.609375
2.406250
2.125000
2.078125
2.000000
2.046875
2.046875
1.984375
1.968750
1.968750
2.046875
2.109375
2.203125
2.109375
1.921875
1.875000
2.046875
2.156250
2.265625
2.109375
1.875000
1.859375
1.937500
1.953125
1.953125
2.015625
1.812500
1.921875
2.171875
2.625000
2.718750
-0.312500
