0258
02d3
0340
02b9
01e0
0182
0160
016b
0168
0171
018c
01ae
01d3
01c2
034d
00f8
014d
0000
0000
0000
0132
0399
0551
077f
0719
0411
0297
0222
0142
030c
046a
05ef
066b
0450
048b
0579
0551
0643
0270
0164
0000
0000
0000
0000
0000
0000
0000
0000
0000
0000
0000
0000
0000
0000
0000
0000
0000
00a8
055c
0b23
0c12
0b5c
0a05
06b0
0373
01c9
0000
0000
0001
0000
0000
0000
0000
0000
0000
0000
0000
0000
0000
0000
0000
0000
0000
00d4
01e2
0249
0295
0287
02b7
02fc
02db
02ad
02d3
039e
0376
0000
0000
0000
0000
0000
0000
0000
0000
0000
0063
006a
00aa
00f4
0000
0000
0000
0000
0086
02ad
0400
0285
0000
0005
0000
0000
0000
0000
0000
0000
0000
0000
0000
0000
0000
0000
0000
0000
0000
0000
0000
0000
0000
0000
0000
0000
0000
0000
0000
0000
0000
0000
0000
0000
0000
0000
0000
0000
0000
0000
0000
0000
0000
0000
0000
0000
