0.000000
0.734375
0.203125
0.203125
0.546875
0.500000
0.500000
0.453125
0.515625
0.562500
0.500000
0.375000
0.312500
0.515625
0.593750
0.578125
0.500000
0.484375
0.468750
0.484375
0.687500
0.640625
0.484375
0.453125
0.515625
0.593750
0.656250
0.640625
0.578125
0.578125
0.578125
0.546875
0.609375
0.625000
0.562500
0.531250
0.546875
0.546875
0.625000
0.671875
0.625000
0.671875
0.640625
0.640625
0.687500
0.718750
0.703125
0.640625
0.562500
0.625000
0.718750
0.703125
0.703125
0.656250
0.671875
0.765625
0.875000
0.859375
0.656250
0.609375
0.656250
0.734375
0.859375
0.812500
0.734375
0.656250
0.687500
0.750000
0.781250
0.781250
0.578125
0.640625
1.062500
0.984375
0.531250
0.000000
0.000000
0.000000
0.421875
0.000000
0.000000
0.000000
0.015625
1.500000
1.437500
0.453125
0.000000
0.453125
0.921875
0.968750
0.906250
0.812500
0.843750
0.765625
0.812500
0.906250
0.968750
0.921875
0.859375
0.859375
0.875000
0.843750
0.859375
1.031250
1.109375
1.031250
1.125000
1.000000
0.968750
1.062500
1.203125
1.234375
1.187500
1.015625
0.906250
1.031250
1.281250
1.312500
1.328125
1.093750
1.046875
1.203125
1.359375
1.484375
1.531250
1.593750
1.390625
1.421875
1.453125
1.406250
1.187500
1.046875
1.031250
1.046875
1.046875
0.984375
0.968750
1.015625
1.031250
1.015625
1.125000
1.187500
1.046875
0.968750
0.968750
1.125000
1.187500
1.234375
1.046875
0.937500
0.953125
0.984375
1.000000
1.000000
1.062500
0.968750
1.531250
0.859375
1.203125
1.328125
