0.453125
0.562500
0.734375
1.515625
1.593750
1.109375
1.078125
1.125000
1.234375
1.031250
0.781250
0.703125
1.000000
1.343750
1.312500
1.125000
1.093750
1.000000
1.156250
1.312500
1.375000
1.078125
0.953125
1.109375
1.265625
1.421875
1.390625
1.312500
1.281250
1.265625
1.281250
1.375000
1.375000
1.328125
1.171875
1.156250
1.187500
1.343750
1.515625
1.468750
1.375000
1.421875
1.453125
1.531250
1.625000
1.515625
1.406250
1.281250
1.406250
1.593750
1.625000
1.562500
1.468750
1.531250
1.734375
2.015625
1.953125
1.593750
1.343750
1.390625
1.656250
1.921875
1.859375
1.671875
1.531250
1.546875
1.625000
1.671875
1.609375
1.375000
1.515625
2.343750
2.546875
1.718750
0.078125
0.000000
0.000000
0.000000
0.000000
0.000000
0.000000
0.000000
2.156250
3.609375
2.093750
0.750000
1.468750
2.468750
2.359375
2.046875
1.843750
1.812500
1.765625
1.703125
1.937500
2.078125
2.109375
1.937500
1.968750
1.937500
1.828125
1.968750
2.281250
2.468750
2.484375
2.468750
2.375000
2.312500
2.359375
2.750000
2.812500
2.671875
2.265625
2.015625
2.343750
2.859375
3.156250
3.062500
2.656250
2.468750
2.640625
3.078125
3.437500
3.562500
3.687500
3.375000
3.203125
3.187500
3.187500
2.828125
2.421875
2.312500
2.375000
2.437500
2.421875
2.296875
2.296875
2.375000
2.453125
2.609375
2.656250
2.421875
2.187500
2.203125
2.515625
2.765625
2.781250
2.484375
2.140625
2.125000
2.296875
2.343750
2.281250
2.312500
2.296875
3.078125
3.031250
2.625000
1.890625
0.000000
