0.000000
0.000000
0.000000
1.093750
1.375000
1.578125
1.703125
1.703125
1.437500
1.656250
1.796875
2.000000
2.109375
2.078125
2.187500
2.640625
5.500000
10.312500
0.000000
0.000000
0.000000
0.000000
0.000000
0.000000
0.000000
0.812500
0.765625
0.468750
1.187500
3.734375
5.750000
5.640625
4.203125
3.218750
2.796875
3.531250
5.125000
8.281250
18.046875
18.640625
0.000000
0.000000
1.640625
1.796875
2.078125
2.468750
2.531250
2.453125
2.375000
2.734375
2.937500
3.421875
3.609375
3.968750
4.640625
4.796875
6.484375
5.000000
0.000000
0.000000
0.000000
0.000000
0.000000
5.937500
3.453125
5.015625
5.218750
5.031250
5.625000
9.468750
15.671875
19.656250
16.671875
17.421875
10.578125
7.484375
8.031250
9.828125
14.843750
13.562500
6.828125
6.937500
3.781250
2.062500
1.437500
1.296875
1.437500
1.390625
1.906250
1.890625
1.984375
1.890625
1.953125
2.234375
1.718750
1.609375
6.046875
8.671875
8.359375
11.000000
15.203125
16.828125
19.484375
9.906250
5.093750
4.984375
5.375000
5.437500
5.468750
7.609375
14.703125
12.671875
12.546875
10.890625
6.093750
2.906250
3.046875
10.500000
15.000000
14.859375
0.000000
0.000000
0.000000
0.000000
0.000000
0.000000
0.000000
0.000000
0.000000
0.000000
0.000000
0.000000
0.000000
0.000000
0.000000
0.000000
0.000000
0.000000
1.000000
3.234375
5.484375
2.921875
5.312500
0.000000
0.000000
0.000000
0.000000
0.000000
0.000000
0.000000
0.000000
0.000000
0.000000
0.000000
0.000000
0.000000
0.000000
0.000000
0.000000
0.000000
0.000000
0.000000
0.000000
0.000000
0.000000
0.000000
0.000000
0.000000
0.000000
0.000000
0.000000
0.000000
0.000000
0.000000
0.000000
0.000000
0.000000
0.000000
0.000000
0.000000
0.000000
0.000000
0.000000
0.000000
0.000000
0.000000
0.000000
0.000000
0.000000
0.000000
0.000000
0.000000
0.000000
0.000000
0.000000
0.000000
0.000000
0.000000
0.000000
0.000000
0.000000
0.000000
1.125000
2.890625
3.546875
3.734375
4.000000
4.296875
3.687500
3.796875
3.968750
4.187500
4.359375
4.812500
5.109375
5.453125
3.671875
7.484375
5.562500
6.265625
3.218750
0.000000
0.000000
1.031250
0.484375
1.000000
1.437500
1.468750
2.203125
2.656250
5.953125
7.625000
7.890625
9.656250
6.875000
6.156250
7.156250
5.546875
14.031250
13.125000
7.984375
8.281250
8.125000
7.484375
7.250000
7.546875
7.968750
7.921875
8.250000
8.703125
9.109375
9.187500
10.031250
10.406250
9.781250
9.734375
11.890625
8.750000
0.000000
0.000000
0.000000
0.000000
8.015625
10.671875
13.593750
14.640625
15.078125
15.593750
17.281250
19.843750
21.921875
18.296875
15.125000
14.531250
13.734375
14.203125
14.656250
17.375000
18.468750
17.828125
4.546875
4.109375
2.484375
2.625000
2.578125
2.734375
2.890625
2.812500
2.968750
3.234375
3.265625
3.656250
4.390625
4.390625
4.437500
4.875000
7.796875
1.859375
5.625000
11.218750
16.890625
18.140625
14.781250
7.859375
6.390625
7.000000
7.125000
7.484375
8.062500
10.875000
11.250000
11.109375
11.843750
8.843750
7.656250
7.500000
8.031250
10.875000
9.953125
11.031250
