005c
0044
0000
0000
0000
0000
0000
0000
0000
0000
0000
0000
0000
0000
0000
0000
0000
0000
0000
0000
0000
0000
0000
0000
0000
0000
0000
0000
0000
0000
0000
0000
0000
0000
0000
0000
0000
0000
0000
0037
00e9
00f4
0110
0000
0000
0000
0000
0000
0000
0000
0000
0000
0000
0000
0000
0000
0000
0000
0000
0000
0000
0000
0000
0000
0000
0000
0000
0000
0000
0000
0000
0000
0000
0000
0000
0000
0000
000a
0000
0000
0053
0058
0022
0046
0046
003b
003e
0041
0043
0043
0041
0042
0044
0047
004c
004c
004b
0047
004c
0051
0052
0052
0052
0053
0056
0059
0062
0063
0066
0065
0065
0064
005d
005f
005d
0098
00ea
00cf
00aa
004e
0120
0136
015f
0048
004d
0067
006a
006a
006d
006a
0070
0075
007b
0087
0091
0092
008e
008d
0091
0099
00b3
00b9
00be
00bb
00b6
00a4
0092
008c
0092
0092
0092
008f
0090
0090
0089
0087
0093
00e9
011a
011c
