0.781250
0.984375
0.203125
0.031250
0.000000
-0.015625
0.015625
0.031250
0.046875
0.062500
0.046875
0.109375
0.140625
0.171875
0.125000
0.109375
0.062500
0.093750
0.125000
0.171875
0.187500
0.125000
0.125000
0.156250
0.187500
0.187500
0.187500
0.109375
0.078125
0.109375
0.093750
0.078125
0.109375
0.062500
0.062500
0.093750
0.171875
0.171875
0.171875
0.140625
0.109375
0.109375
0.093750
0.078125
0.078125
0.078125
0.062500
0.078125
0.062500
0.109375
0.109375
0.062500
0.093750
0.078125
0.062500
0.031250
0.015625
-0.078125
-0.093750
0.046875
0.078125
0.062500
0.078125
0.000000
-0.015625
0.015625
0.093750
0.078125
0.093750
0.140625
0.046875
0.031250
-0.015625
-0.375000
-0.281250
0.500000
1.765625
2.703125
2.953125
2.703125
2.937500
3.718750
3.421875
2.156250
0.890625
0.109375
-0.187500
0.015625
0.125000
0.093750
0.046875
0.031250
0.109375
0.156250
0.203125
0.187500
0.171875
0.109375
0.046875
0.109375
0.187500
0.171875
0.171875
0.187500
0.093750
0.031250
0.031250
-0.015625
0.093750
0.062500
0.015625
-0.015625
0.015625
0.046875
0.093750
0.140625
0.062500
-0.093750
-0.046875
-0.078125
0.062500
0.125000
0.109375
0.031250
-0.140625
-0.187500
-0.296875
-0.234375
-0.343750
-0.421875
-0.453125
-0.375000
-0.296875
-0.281250
-0.281250
-0.265625
-0.187500
-0.109375
-0.125000
-0.109375
-0.078125
-0.125000
-0.140625
-0.062500
-0.015625
-0.015625
-0.125000
-0.140625
-0.187500
-0.125000
-0.093750
-0.078125
-0.078125
-0.062500
0.015625
-0.046875
-0.125000
-0.937500
-0.375000
0.343750
