0043
0095
018d
01a0
016b
00ff
0100
0100
010d
0102
0106
0115
0124
0117
0122
011f
0117
011b
011f
0119
0126
0145
012e
014d
0138
0123
0130
0143
0138
014e
0156
0100
00dc
004c
0032
004a
0036
0000
0000
000a
005d
00b2
0000
00df
0256
0271
01bd
011c
0131
0129
0151
0168
0173
0157
0174
0146
015d
019b
01be
01b1
016e
00fc
00b2
00b4
00ec
012d
0179
0183
019d
0197
0178
0167
0180
0155
010e
0050
004e
0074
0053
0000
004f
0090
003b
002a
0028
002f
0045
0034
003b
0042
0039
0044
0049
0041
0042
0043
0040
003f
004e
004c
004a
004e
0042
0046
0050
0046
004e
004f
003b
0044
004f
0044
0048
004f
004a
0076
0051
0000
007a
010a
01ba
0185
0116
00cb
0069
0065
0072
007e
0083
007c
008d
0099
0087
0081
0097
008e
0097
00b4
00a2
0098
00b8
00b0
00a1
0097
008a
007f
0083
0073
0076
0075
0065
0071
007d
0065
0069
0073
0065
00ad
005b
0000
00fb
000d
0000
0000
0000
0000
0000
0000
0000
0000
0000
0000
0000
0000
0000
0000
0000
0000
0000
0000
0000
0000
0000
0000
0000
0000
0000
0000
0000
0000
0000
0000
0000
0000
003e
00f7
01de
0136
015e
04f0
05a9
0601
0161
0000
0000
0000
0000
0000
0000
0000
0000
0000
0000
0000
0000
0000
0000
0000
0000
0000
0000
0000
0000
0000
0000
0000
0000
0000
0000
0000
0000
0000
0000
0000
0000
0000
009a
01d0
0173
0162
0068
0000
0000
003c
0052
001b
0004
0000
0000
0000
0000
0007
0003
0000
0005
0000
0000
0000
0000
0000
0000
0000
0006
0009
0000
0000
000a
0003
001d
0039
001b
0000
0000
0000
0000
0000
0000
0000
0000
0095
0112
0106
0237
04cd
059c
02a9
00cd
0000
0000
0000
0000
0000
0000
0000
0000
0000
0000
0000
0000
0000
0000
000b
005e
00e9
014d
0187
0138
00e7
008e
0035
0022
0035
0025
0017
0000
0000
0000
0021
00b3
020f
