0.000000
0.000000
0.000000
0.000000
0.000000
0.000000
0.000000
0.000000
0.000000
0.000000
0.000000
0.000000
0.000000
0.000000
0.000000
0.000000
0.000000
0.000000
0.000000
0.000000
0.000000
0.000000
0.000000
0.000000
0.000000
0.000000
0.000000
0.000000
0.000000
0.000000
0.000000
0.000000
0.000000
0.000000
0.000000
0.000000
0.000000
0.000000
0.000000
0.000000
0.000000
0.000000
0.000000
0.000000
0.000000
0.000000
0.000000
0.000000
0.000000
0.000000
0.000000
0.000000
0.000000
0.000000
0.000000
0.000000
0.000000
0.000000
0.000000
0.000000
0.000000
0.000000
0.000000
0.000000
0.000000
0.000000
0.000000
0.000000
0.000000
0.000000
0.000000
0.000000
0.000000
0.000000
0.000000
0.000000
0.000000
0.000000
0.000000
0.000000
0.000000
0.000000
0.000000
0.937500
1.281250
0.421875
0.062500
0.000000
0.000000
0.000000
0.000000
0.109375
0.046875
0.000000
0.078125
0.000000
0.000000
0.000000
0.000000
0.000000
0.000000
0.000000
0.093750
0.140625
0.000000
0.000000
0.156250
0.046875
0.453125
0.890625
0.421875
0.000000
0.000000
0.000000
0.000000
0.000000
0.000000
0.000000
0.000000
0.000000
0.000000
0.000000
8.859375
19.203125
22.437500
10.640625
3.203125
0.000000
0.000000
0.000000
0.000000
0.000000
0.000000
0.000000
0.000000
0.000000
0.000000
0.000000
0.000000
0.000000
0.000000
0.171875
1.468750
3.640625
5.203125
6.109375
4.875000
3.609375
2.218750
0.828125
0.531250
0.828125
0.578125
0.359375
0.000000
0.000000
0.000000
0.515625
2.796875
8.234375
