0000
0000
0000
0000
0000
0000
0000
0000
0000
0000
0000
0000
0000
0000
0000
0000
0000
0000
0000
0000
0000
0000
0000
0000
0000
0000
0000
0000
0000
0000
0000
0000
0000
0000
0000
0000
0000
0084
007c
004a
0000
0000
0000
0000
0000
0000
0000
0000
0000
0000
0000
0000
0000
0000
0000
0000
0000
0000
0000
0000
0000
0000
0000
0000
0000
0000
0000
0000
0000
0000
0000
0000
0000
0000
0000
0000
0000
0000
0000
00d5
002f
001e
005e
0091
007e
007f
0077
0089
0083
0081
0089
0077
008b
0092
008e
0097
0095
008d
0092
0096
0099
00a4
00a7
00a5
00a2
00ab
00b3
00b9
00bd
00b1
00bc
00c2
00b5
00b1
00c0
00c3
0094
0000
0000
0000
0000
0000
0000
0000
00da
00c2
00c9
00ca
00cc
00c2
00d4
00de
00ee
00f1
00fd
0102
0100
00f9
0117
011c
0124
0151
0146
0134
0119
00f6
00f8
00fe
0103
0110
0101
0100
0107
0100
00ee
00f5
0102
012e
00c1
0004
0000
0000
000e
0000
0000
0000
0000
0000
0000
0000
0000
0000
0000
0000
0000
0000
0000
0000
0000
0000
0000
0000
0000
0000
0000
0000
0000
0000
0000
0000
0000
0000
0000
0000
0000
0000
005a
0000
0000
0030
0000
0000
0000
0000
0000
0000
0000
0000
0000
0000
0000
0000
0000
0000
0000
0000
0000
0000
0000
0000
0000
0000
0000
0000
0000
0000
0000
0000
0000
0000
0000
0000
0000
0000
0000
0000
0000
0000
004b
0000
0008
003f
0020
001f
0007
0015
0021
0018
001e
001e
0011
0023
0025
001d
0021
0021
0018
0010
001f
001c
001f
0025
001a
0017
001f
0018
0029
002d
0013
002c
0028
0019
0023
001b
001f
0039
0000
0000
0000
0035
0124
00d4
0057
0057
0021
0013
001d
001a
0018
0011
0021
002f
0024
0022
0033
001b
001d
003c
0022
002a
0044
004b
003f
0034
0013
0014
001b
0020
0033
003a
0024
0038
003c
0022
0026
002f
0032
0041
0000
0000
0000
0000
0000
0000
0000
0000
0000
0000
0000
0000
0000
0000
0000
0000
0000
0000
0000
0000
0000
0000
0000
0000
0000
0000
0000
0000
0000
0000
0000
0000
0000
0000
0000
0000
0000
0000
0000
0000
0000
0000
0000
0000
0000
0000
0000
0000
0000
0000
0000
0000
0000
0000
0000
0000
0000
0000
0000
0000
0000
0000
0000
0000
0000
0000
0000
0000
0000
0000
0000
0000
0000
0000
0000
0000
0000
0000
0000
0000
0000
0000
0000
001b
000a
0000
0000
0000
0000
0000
0000
0000
0000
0000
0000
0000
0000
0000
0000
0000
0000
0000
0000
0000
0000
0000
0000
0000
0000
0000
0000
0000
0000
0000
0000
0000
0000
0000
0000
0055
0085
006b
0052
00ac
00c7
0063
0000
0000
0000
0000
0000
0000
0000
0000
0000
0000
0000
0000
0000
0000
0000
0000
0000
0000
0000
0000
0000
0000
0000
0000
0000
0000
0000
0000
0000
0000
0000
0000
0000
0000
0000
00a8
0043
0027
0012
002d
0025
0021
0034
0028
0028
0032
0028
0025
0034
002d
002d
0031
0030
0025
0031
0035
002d
0037
0033
002f
0035
0035
002f
0041
002f
002b
0043
0034
002f
0035
0032
004a
0036
0000
0000
000a
005d
00b2
0000
0000
0035
0036
003b
0049
0040
0038
0045
004c
004c
0042
0053
0051
0046
005b
005c
0046
0062
0078
005b
0053
0042
002a
003f
0041
0051
005a
004e
0048
005d
0046
0039
004a
004e
0074
0053
0000
0014
0000
0000
0000
0000
0000
0000
0000
0000
0000
0000
0000
0000
0000
0000
0000
0000
0000
0000
0000
0000
0000
0000
0000
0000
0000
0000
0000
0000
0000
0000
0000
0000
0000
0000
0000
0000
0000
0033
0141
0144
016f
0000
0000
0000
0000
0000
0000
0000
0000
0000
0000
0000
0000
0000
0000
0000
0000
0000
0000
0000
0000
0000
0000
0000
0000
0000
0000
0000
0000
0000
0000
0000
0000
0000
0000
0000
0000
0000
0000
