1.000000
0.000000
0.000000
0.546875
0.250000
0.000000
0.000000
0.000000
0.000000
0.000000
0.000000
0.000000
3.843750
21.671875
12.687500
34.500000
23.203125
48.265625
55.812500
41.437500
48.812500
45.906250
34.156250
34.953125
39.625000
29.343750
27.312500
17.890625
4.546875
0.000000
0.000000
0.000000
0.000000
21.031250
34.656250
0.000000
0.000000
0.000000
0.000000
0.000000
14.718750
16.703125
25.906250
29.968750
30.625000
21.328125
16.953125
20.921875
25.437500
27.312500
29.031250
28.453125
26.359375
20.546875
15.093750
0.000000
0.000000
0.000000
0.000000
0.000000
0.000000
0.000000
13.281250
17.796875
41.609375
12.140625
36.984375
44.015625
43.890625
50.546875
49.578125
56.796875
66.062500
54.343750
30.968750
26.406250
26.171875
18.125000
31.859375
36.984375
1.265625
0.000000
0.000000
0.000000
0.000000
0.000000
0.000000
0.000000
0.000000
0.000000
0.000000
0.000000
0.000000
0.000000
0.000000
19.796875
21.875000
33.968750
38.562500
40.984375
53.171875
42.640625
44.515625
40.171875
13.750000
21.968750
20.296875
1.765625
0.000000
0.000000
0.000000
0.000000
0.000000
0.000000
4.390625
0.000000
0.000000
0.000000
1.937500
30.437500
9.703125
12.296875
18.015625
18.156250
14.062500
3.859375
0.000000
0.000000
0.000000
0.000000
0.000000
0.000000
0.000000
3.234375
13.078125
11.000000
25.500000
34.734375
37.937500
45.328125
20.109375
72.250000
57.625000
57.921875
67.296875
60.718750
59.203125
36.828125
18.203125
2.125000
0.593750
0.000000
3.921875
8.578125
0.000000
0.000000
0.000000
0.000000
0.000000
0.000000
0.000000
0.000000
0.000000
0.000000
0.000000
0.000000
4.703125
11.312500
16.375000
18.468750
17.437500
18.359375
34.609375
39.968750
33.328125
39.171875
31.906250
45.593750
63.828125
51.656250
53.265625
18.234375
5.437500
0.531250
0.000000
0.000000
0.765625
11.359375
9.328125
3.078125
0.000000
9.546875
26.140625
49.468750
52.609375
19.125000
0.000000
0.000000
5.843750
25.109375
8.093750
3.843750
7.203125
4.500000
7.656250
9.234375
13.609375
21.859375
26.843750
27.640625
29.843750
32.437500
42.656250
43.031250
43.671875
21.031250
0.187500
0.000000
0.000000
0.000000
0.000000
0.000000
5.609375
0.000000
0.000000
0.000000
0.000000
17.109375
23.125000
18.093750
4.031250
8.546875
25.093750
32.937500
40.000000
29.796875
2.562500
0.000000
0.000000
4.125000
3.640625
3.250000
3.046875
2.328125
4.156250
10.843750
13.218750
10.390625
10.531250
11.015625
12.125000
10.296875
0.156250
7.109375
14.796875
29.328125
30.171875
27.187500
10.046875
19.343750
0.000000
8.000000
12.000000
0.000000
9.515625
0.093750
0.218750
12.671875
16.906250
22.296875
25.312500
18.093750
13.765625
6.375000
25.109375
46.984375
56.468750
30.687500
15.250000
8.296875
0.000000
0.000000
0.000000
2.437500
4.000000
3.453125
5.937500
11.250000
13.828125
14.593750
13.640625
13.406250
7.937500
24.453125
14.578125
63.609375
59.484375
79.968750
69.359375
68.828125
69.625000
11.125000
0.000000
0.000000
0.000000
0.000000
0.000000
0.000000
0.000000
0.000000
10.890625
14.562500
5.812500
2.921875
5.046875
0.000000
44.328125
54.453125
67.000000
60.281250
