11.093750
11.562500
13.000000
10.890625
7.500000
6.031250
5.500000
5.671875
5.625000
5.765625
6.187500
6.718750
7.296875
7.031250
13.203125
3.875000
5.203125
0.000000
10.125000
9.421875
4.781250
21.671875
23.234375
29.984375
28.390625
16.265625
10.359375
8.531250
5.031250
12.187500
17.656250
23.734375
27.031250
17.250000
18.171875
21.890625
21.265625
25.046875
9.750000
11.218750
4.875000
3.203125
2.937500
3.046875
2.015625
2.625000
2.062500
2.078125
1.890625
3.296875
3.750000
2.640625
2.921875
5.390625
15.109375
26.437500
27.390625
18.781250
16.281250
9.000000
23.859375
20.437500
9.296875
0.937500
6.843750
0.453125
0.000000
0.000000
7.203125
1.109375
0.000000
0.000000
0.000000
1.234375
5.078125
12.593750
8.640625
3.312500
0.765625
0.000000
1.828125
1.390625
3.312500
3.546875
3.812500
3.750000
4.015625
4.312500
4.296875
4.453125
4.656250
4.843750
5.109375
5.046875
4.968750
5.468750
5.718750
4.859375
21.437500
44.546875
48.281250
45.437500
40.078125
33.578125
20.562500
14.375000
8.187500
8.953125
8.984375
9.500000
9.453125
5.609375
3.000000
5.750000
7.781250
7.703125
7.062500
7.812500
2.046875
0.000000
2.562500
2.812500
1.390625
0.000000
0.000000
0.000000
0.000000
0.000000
0.000000
0.000000
0.000000
0.000000
0.000000
0.000000
0.000000
0.000000
0.000000
0.000000
0.000000
0.000000
0.000000
5.578125
10.093750
14.703125
7.765625
0.000000
0.000000
0.250000
0.000000
12.562500
20.765625
16.781250
4.000000
0.000000
0.000000
0.000000
0.000000
0.000000
0.000000
0.000000
0.000000
0.000000
0.000000
3.312500
7.531250
9.140625
10.328125
10.109375
10.859375
11.937500
11.421875
10.703125
11.296875
14.468750
13.843750
0.000000
0.000000
0.000000
0.000000
0.000000
0.000000
0.000000
0.000000
0.000000
1.546875
1.656250
2.656250
3.812500
0.000000
0.000000
0.000000
0.000000
2.093750
10.703125
16.000000
10.078125
0.000000
0.078125
0.000000
2.328125
7.500000
4.468750
1.953125
1.609375
1.593750
2.031250
1.781250
1.546875
1.968750
2.265625
2.265625
2.250000
2.234375
2.390625
2.187500
1.328125
0.968750
2.984375
8.437500
27.703125
40.609375
32.140625
18.296875
4.546875
5.031250
5.484375
4.796875
5.015625
6.437500
6.125000
4.406250
6.203125
7.937500
6.000000
3.703125
3.265625
2.750000
1.109375
5.796875
5.437500
1.859375
2.265625
0.000000
0.156250
0.000000
0.000000
0.140625
0.000000
0.000000
0.000000
0.000000
0.078125
0.000000
0.687500
1.453125
0.390625
0.000000
0.453125
0.000000
0.000000
0.000000
8.546875
6.453125
0.000000
0.000000
0.000000
0.000000
0.000000
0.000000
0.000000
0.656250
7.250000
10.109375
4.421875
0.265625
0.875000
1.281250
0.500000
1.671875
9.609375
7.171875
8.593750
9.031250
8.468750
7.078125
6.156250
7.078125
7.078125
7.234375
7.953125
7.718750
8.046875
7.968750
9.078125
14.296875
19.203125
24.671875
30.593750
44.828125
49.796875
52.765625
61.375000
38.703125
28.078125
20.656250
12.140625
8.937500
9.750000
9.812500
8.937500
13.046875
13.671875
14.593750
10.843750
12.312500
19.500000
19.796875
21.296875
25.843750
26.546875
