0.000000
0.000000
0.218750
0.000000
0.000000
0.000000
0.000000
0.000000
0.000000
0.000000
0.000000
0.000000
0.000000
0.000000
0.000000
0.000000
0.000000
0.000000
0.000000
0.000000
0.000000
0.000000
0.000000
0.000000
0.000000
0.000000
0.000000
0.000000
0.000000
0.000000
0.000000
0.000000
0.000000
0.000000
0.000000
0.000000
1.406250
0.000000
0.000000
0.750000
0.000000
0.000000
0.000000
0.000000
0.000000
0.000000
0.000000
0.000000
0.000000
0.000000
0.000000
0.000000
0.000000
0.000000
0.000000
0.000000
0.000000
0.000000
0.000000
0.000000
0.000000
0.000000
0.000000
0.000000
0.000000
0.000000
0.000000
0.000000
0.000000
0.000000
0.000000
0.000000
0.000000
0.000000
0.000000
0.000000
0.000000
0.000000
1.171875
0.000000
0.000000
0.000000
0.000000
0.000000
0.000000
0.000000
0.000000
0.000000
0.000000
0.000000
0.000000
0.000000
0.000000
0.000000
0.000000
0.000000
0.000000
0.000000
0.000000
0.000000
0.000000
0.000000
0.000000
0.000000
0.000000
0.000000
0.000000
0.000000
0.000000
0.000000
0.000000
0.000000
0.000000
0.000000
0.000000
0.000000
0.000000
0.359375
0.906250
0.000000
0.000000
0.000000
0.000000
0.000000
0.000000
0.000000
0.000000
0.000000
0.000000
0.000000
0.000000
0.000000
0.000000
0.000000
0.000000
0.000000
0.000000
0.000000
0.000000
0.000000
0.000000
0.000000
0.000000
0.000000
0.000000
0.000000
0.000000
0.000000
0.000000
0.000000
0.000000
0.000000
0.000000
0.000000
0.000000
0.000000
0.000000
0.000000
0.000000
1.515625
0.125000
0.984375
0.500000
0.484375
0.109375
0.328125
0.515625
0.375000
0.468750
0.468750
0.265625
0.546875
0.578125
0.453125
0.515625
0.515625
0.375000
0.250000
0.484375
0.437500
0.484375
0.578125
0.406250
0.359375
0.484375
0.375000
0.640625
0.703125
0.296875
0.687500
0.625000
0.390625
0.546875
0.421875
0.484375
0.890625
0.000000
0.000000
0.000000
0.828125
4.562500
3.312500
1.359375
1.359375
0.515625
0.296875
0.453125
0.406250
0.375000
0.265625
0.515625
0.734375
0.562500
0.531250
0.796875
0.421875
0.453125
0.937500
0.531250
0.656250
1.062500
1.171875
0.984375
0.812500
0.296875
0.312500
0.421875
0.500000
0.796875
0.906250
0.562500
0.875000
0.937500
0.531250
0.593750
0.734375
0.781250
1.015625
0.000000
0.000000
0.000000
0.718750
0.265625
0.781250
0.656250
0.578125
0.593750
0.625000
0.718750
0.640625
0.593750
0.703125
0.625000
0.703125
0.781250
0.703125
0.687500
0.734375
0.562500
0.671875
0.828125
0.781250
0.734375
0.781250
0.609375
0.609375
0.765625
0.781250
0.781250
0.968750
0.703125
0.796875
0.875000
0.640625
0.640625
0.890625
0.125000
0.609375
0.000000
0.000000
0.500000
0.000000
0.359375
0.296875
0.468750
0.843750
0.734375
0.703125
0.718750
0.656250
0.656250
0.671875
0.734375
0.906250
0.968750
0.796875
0.937500
0.765625
0.703125
1.015625
1.000000
1.125000
1.359375
1.484375
1.296875
1.390625
1.171875
1.125000
1.218750
1.234375
1.046875
1.218750
1.109375
1.109375
1.234375
0.984375
0.734375
1.359375
0.093750
1.640625
