0.656250
-4.859375
1.859375
6.546875
2.421875
1.218750
0.062500
-0.015625
1.000000
-0.359375
-1.406250
0.375000
0.203125
-0.328125
-3.312500
-11.375000
-6.953125
-4.375000
1.796875
4.125000
7.718750
7.890625
31.984375
17.296875
14.640625
14.484375
7.984375
7.484375
5.562500
5.515625
2.171875
6.031250
21.437500
25.265625
12.921875
-0.406250
-7.140625
-3.828125
15.718750
29.234375
1.250000
4.203125
0.203125
-1.187500
-1.250000
1.859375
1.718750
0.515625
0.781250
2.390625
2.578125
3.281250
3.484375
2.078125
3.265625
15.593750
-1.640625
-10.640625
-13.031250
-4.078125
8.656250
18.812500
9.609375
21.718750
14.750000
3.968750
1.937500
-0.187500
4.359375
3.250000
5.015625
3.078125
-5.953125
-2.171875
9.718750
12.375000
18.187500
7.531250
-12.734375
-30.343750
-0.015625
-2.406250
-4.078125
-2.031250
-6.750000
-9.187500
-10.093750
-10.843750
-10.203125
-10.406250
-12.156250
-11.921875
-12.093750
-13.968750
-17.609375
-18.687500
-8.171875
-33.390625
11.000000
6.703125
4.937500
8.671875
18.343750
19.859375
5.421875
1.328125
-9.906250
-9.359375
-9.968750
-8.656250
-6.640625
-11.453125
-13.656250
-10.578125
-10.640625
-15.875000
-15.828125
-5.328125
-25.937500
-20.046875
3.250000
0.515625
3.859375
5.937500
1.015625
-1.781250
-2.703125
-2.703125
-1.750000
-3.078125
-4.781250
-4.781250
-4.046875
-5.140625
-10.359375
-28.406250
-47.031250
-54.687500
-75.359375
-70.734375
-59.453125
-30.593750
20.015625
-4.453125
-1.156250
7.281250
-0.593750
-1.250000
-9.734375
-23.875000
-15.500000
-7.796875
-5.812500
-12.718750
-14.359375
-18.531250
-37.906250
-30.765625
2.828125
11.656250
