0000
0000
0000
0000
0000
0000
0000
0000
0000
0000
0000
0000
0000
0000
0000
0000
0000
0000
0000
0000
0000
0000
0000
0000
0000
0000
0000
0000
0000
0000
0000
0000
0000
0000
0000
0000
0000
0084
007c
004a
0000
0000
0000
0000
0000
0000
0000
0000
0000
0000
0000
0000
0000
0000
0000
0000
0000
0000
0000
0000
0000
0000
0000
0000
0000
0000
0000
0000
0000
0000
0000
0000
0000
0000
0000
0000
0000
0000
0000
00d5
000b
0038
0000
0000
0000
0000
0000
0000
0000
0000
0000
0000
0000
0000
0000
0000
0000
0000
0000
0000
0000
0000
0000
0000
0000
0000
0000
0000
0000
0000
0000
0000
0000
0000
0000
0002
0094
006d
004d
0070
0000
0108
00a4
0033
0000
000d
0000
000f
0018
0014
000d
0016
0020
0007
000e
0025
0009
0012
0030
0013
0004
0024
001e
001b
0029
0012
000a
0000
0000
0000
0005
0000
0004
000f
0000
0000
0000
0000
00d2
002f
002f
001e
005e
0091
007e
007f
0077
0089
0083
0081
0089
0077
008b
0092
008e
0097
0095
008d
0092
0096
0099
00a4
00a7
00a5
00a2
00ab
00b3
00b9
00bd
00b1
00bc
00c2
00b5
00b1
00c0
00c3
0094
0000
0000
0000
0000
0000
0000
0000
00da
00c2
00c9
00ca
00cc
00c2
00d4
00de
00ee
00f1
00fd
0102
0100
00f9
0117
011c
0124
0151
0146
0134
0119
00f6
00f8
00fe
0103
0110
0101
0100
0107
0100
00ee
00f5
0102
012e
00c1
0004
00dc
019c
01a0
017d
0163
0169
0183
0191
019b
019e
019a
01a8
01bc
01c6
01ce
01d4
01d0
01d0
01e0
01f4
020d
0218
020c
0213
0223
022c
0254
0264
024a
024a
0256
0255
024f
0237
026a
02ab
023b
0131
0070
0063
013a
01fe
034c
0316
02ed
02d2
02da
02fb
030f
0310
033b
0386
039f
03b8
03da
03c8
03e2
0426
0443
0457
0493
04db
04e9
04b6
0449
03f2
03b3
0392
0386
0391
0379
038f
039a
0383
0364
0353
036b
03cf
033f
0194
0000
0000
000e
0000
0000
0000
0000
0000
0000
0000
0000
0000
0000
0000
0000
0000
0000
0000
0000
0000
0000
0000
0000
0000
0000
0000
0000
0000
0000
0000
0000
0000
0000
0000
0000
0000
005a
0000
0000
0030
0000
0000
0000
0000
0000
0000
0000
0000
0000
0000
0000
0000
0000
0000
0000
0000
0000
0000
0000
0000
0000
0000
0000
0000
0000
0000
0000
0000
0000
0000
0000
0000
0000
0000
0000
0000
0000
0000
004b
0000
0000
0000
0000
0000
0000
0000
0000
0000
0000
0000
0000
0000
0000
0000
0000
0000
0000
0000
0000
0000
0000
0000
0000
0000
0000
0000
0000
0000
0000
0000
0000
0000
0000
0000
0000
0000
0000
0017
003a
0000
0000
0000
0000
0000
0000
0000
0000
0000
0000
0000
0000
0000
0000
0000
0000
0000
0000
0000
0000
0000
0000
0000
0000
0000
0000
0000
0000
0000
0000
0000
0000
0000
0000
0000
0000
0000
0000
0000
0000
0061
0008
003f
0020
001f
0007
0015
0021
0018
001e
001e
0011
0023
0025
001d
0021
0021
0018
0010
001f
001c
001f
0025
001a
0017
001f
0018
0029
002d
0013
002c
0028
0019
0023
001b
001f
0039
0000
0000
0000
0035
0124
00d4
0057
0057
0021
0013
001d
001a
0018
0011
0021
002f
0024
0022
0033
001b
001d
003c
0022
002a
0044
004b
003f
0034
0013
0014
001b
0020
0033
003a
0024
0038
003c
0022
0026
002f
0032
0041
0000
0000
0000
002e
0011
0032
002a
0025
0026
0028
002e
0029
0026
002d
0028
002d
0032
002d
002c
002f
0024
002b
0035
0032
002f
0032
0027
0027
0031
0032
0032
003e
002d
0033
0038
0029
0029
0039
0008
0027
0000
0000
0020
0000
0017
0013
001e
0036
002f
002d
002e
002a
002a
002b
002f
003a
003e
0033
003c
0031
002d
0041
0040
0048
0057
005f
0053
0059
004b
0048
004e
004f
0043
004e
0047
0047
004f
003f
002f
0057
0006
0069
0000
0000
0000
0000
0000
0000
0000
0000
0000
0000
0000
0000
0000
0000
0000
0000
0000
0000
0000
0000
0000
0000
0000
0000
0000
0000
0000
0000
0000
0000
0000
0000
0000
0000
0000
0000
0000
0000
0000
0000
0000
0000
0000
0000
0000
0000
0000
0000
0000
0000
0000
0000
0000
0000
0000
0000
0000
0000
0000
0000
0000
0000
0000
0000
0000
0000
0000
0000
0000
0000
0000
0000
0000
0000
0000
0000
0000
0000
0000
0000
000b
0000
0000
0000
0000
0000
0000
0000
0000
0000
0000
0000
0000
0000
0000
0000
0000
0000
0000
0000
0000
0000
0000
0000
0000
0000
0000
0000
0000
0000
0000
0000
0000
0000
0000
0000
0063
00a7
003d
000e
0000
00c9
0000
0000
0000
0000
0000
0000
0000
0003
0000
0000
0000
0000
0000
0010
0000
0000
0000
0000
0000
0000
0000
0000
000a
0000
0000
0000
0000
0000
0000
0000
0000
0000
0000
0000
0000
0000
0088
0089
0000
001b
000a
0000
0000
0000
0000
0000
0000
0000
0000
0000
0000
0000
0000
0000
0000
0000
0000
0000
0000
0000
0000
0000
0000
0000
0000
0000
0000
0000
0000
0000
0000
0000
0000
0000
0000
0055
0085
006b
0052
00ac
00c7
0063
0000
0000
0000
0000
0000
0000
0000
0000
0000
0000
0000
0000
0000
0000
0000
0000
0000
0000
0000
0000
0000
0000
0000
0000
0000
0000
0000
0000
0000
0000
0000
0000
0000
0000
0000
00a8
0000
0000
0000
0000
0005
0000
0000
0000
0000
0000
0000
0000
0000
0000
0000
0000
0000
0000
0000
0000
0000
0000
0000
0000
0000
0000
0000
0000
0000
0000
0000
0000
0000
0000
0000
0000
006d
00f7
0076
006e
0046
000d
0000
0000
0000
0000
0000
0000
0000
0000
0000
0000
0000
0000
0000
0000
0000
0000
0000
0000
0000
0000
0000
0000
0005
0004
0000
0000
0000
0000
0000
0000
0000
0000
0000
0000
0000
0000
0085
00f7
0043
0027
0012
002d
0025
0021
0034
0028
0028
0032
0028
0025
0034
002d
002d
0031
0030
0025
0031
0035
002d
0037
0033
002f
0035
0035
002f
0041
002f
002b
0043
0034
002f
0035
0032
004a
0036
0000
0000
000a
005d
00b2
0000
0000
0035
0036
003b
0049
0040
0038
0045
004c
004c
0042
0053
0051
0046
005b
005c
0046
0062
0078
005b
0053
0042
002a
003f
0041
0051
005a
004e
0048
005d
0046
0039
004a
004e
0074
0053
0000
004f
0090
003b
002a
0028
002f
0045
0034
003b
0042
0039
0044
0049
0041
0042
0043
0040
003f
004e
004c
004a
004e
0042
0046
0050
0046
004e
004f
003b
0044
004f
0044
0048
004f
004a
0076
0051
0000
007a
010a
01ba
0185
0116
00cb
0069
0065
0072
007e
0083
007c
008d
0099
0087
0081
0097
008e
0097
00b4
00a2
0098
00b8
00b0
00a1
0097
008a
007f
0083
0073
0076
0075
0065
0071
007d
0065
0069
0073
0065
00ad
005b
0000
0014
0000
0000
0000
0000
0000
0000
0000
0000
0000
0000
0000
0000
0000
0000
0000
0000
0000
0000
0000
0000
0000
0000
0000
0000
0000
0000
0000
0000
0000
0000
0000
0000
0000
0000
0000
0000
0000
0033
0141
0144
016f
0000
0000
0000
0000
0000
0000
0000
0000
0000
0000
0000
0000
0000
0000
0000
0000
0000
0000
0000
0000
0000
0000
0000
0000
0000
0000
0000
0000
0000
0000
0000
0000
0000
0000
0000
0000
0000
0000
0068
0000
0000
0000
0000
0000
0000
0000
0000
0000
0000
0000
0000
0000
0000
0000
0000
0000
0000
0000
0000
0000
0000
0000
0000
0000
0000
0000
0000
0000
0000
0000
0000
0000
0000
0000
0000
0000
0000
0095
0112
0106
0000
0000
0000
0000
0000
0000
0000
0000
0000
0000
0000
0000
0000
0000
0000
0000
0000
0000
0000
0000
0000
0000
0000
0000
0000
0000
0000
0000
0000
0000
0000
0000
0000
0000
0000
0000
0000
0000
