003d
005a
00a1
0088
0085
0084
0081
0082
0081
0083
0085
0084
0085
0085
0090
0093
0095
0093
0092
0095
0097
009b
009b
0098
009b
009f
00a3
00a5
00a6
00a5
00a6
00a7
00ac
00ad
00b0
00b0
00b1
00b5
00bb
00be
00c0
00bf
00c0
00c2
00c4
00c2
00c4
00c5
00c2
00c8
00ca
00cf
00d0
00d1
00d0
00d2
00d5
00d8
00d2
00cd
00cc
00d2
00d5
00db
00d6
00d6
00d4
00d5
00db
00e0
00df
00df
00df
00de
00cc
0095
0049
0000
0000
0000
0000
0021
0080
00e9
0147
014a
0126
0106
010a
0114
0119
011c
011b
011e
0121
0129
0130
0138
013a
013b
0144
0145
014f
0156
015d
0167
0166
016a
0170
016f
017a
017f
0184
0184
0185
018f
0197
01a9
01aa
01ae
01ac
01b0
01be
01c5
01cc
01cc
01c9
01c0
01b8
01ae
019b
0187
0173
0169
0160
0159
0152
014c
014a
014d
014c
0150
014e
0148
0144
0148
0150
014e
014c
0140
013a
013b
013b
013f
0140
0145
0130
013c
0109
0097
0000
0000
0000
0000
0000
0000
0000
0000
0000
0000
0000
0000
0000
0000
0000
0000
0000
0000
0000
0000
0000
0000
0000
0000
0000
0000
0000
0000
0000
0000
0000
0000
0000
0000
0000
0000
0000
0000
0000
0000
0000
0000
0000
0000
0000
0000
0000
0000
0000
0000
0000
0000
0000
0000
0000
0000
0000
0000
0000
0000
0000
0000
0000
0000
0000
0000
0000
0000
0000
0000
0000
0000
0000
0000
001f
0050
0074
007a
0078
003d
0000
0000
0000
0000
0000
0000
0000
0000
0000
0000
0000
0000
0000
0000
0000
0000
0000
0000
0000
0000
0000
0000
0000
0000
0000
0000
0000
0000
0000
0000
0000
0000
0000
0000
0000
0000
0000
0000
0000
0000
0000
0000
0000
0000
0000
0000
0000
0000
0000
0000
0000
0000
0000
0000
0000
0000
0000
0000
0000
0000
0000
0000
0000
0000
0000
0000
0000
0000
0000
0000
0000
0000
0000
0000
0000
0000
0000
0000
003a
0066
