0.000000
0.000000
0.000000
0.000000
0.000000
0.000000
0.000000
0.000000
0.000000
0.000000
0.000000
0.000000
0.000000
0.000000
0.000000
0.000000
0.000000
0.000000
0.000000
0.000000
0.000000
0.000000
0.000000
0.000000
0.000000
0.000000
0.000000
0.000000
0.000000
0.000000
0.000000
0.000000
0.000000
0.000000
0.000000
0.000000
0.000000
2.062500
1.937500
1.156250
0.000000
0.000000
0.000000
0.000000
0.000000
0.000000
0.000000
0.000000
0.000000
0.000000
0.000000
0.000000
0.000000
0.000000
0.000000
0.000000
0.000000
0.000000
0.000000
0.000000
0.000000
0.000000
0.000000
0.000000
0.000000
0.000000
0.000000
0.000000
0.000000
0.000000
0.000000
0.000000
0.000000
0.000000
0.000000
0.000000
0.000000
0.000000
0.000000
3.328125
0.734375
0.468750
1.468750
2.265625
1.968750
1.984375
1.859375
2.140625
2.046875
2.015625
2.140625
1.859375
2.171875
2.281250
2.218750
2.359375
2.328125
2.203125
2.281250
2.343750
2.390625
2.562500
2.609375
2.578125
2.531250
2.671875
2.796875
2.890625
2.953125
2.765625
2.937500
3.031250
2.828125
2.765625
3.000000
3.046875
2.312500
0.000000
0.000000
0.000000
0.000000
0.000000
0.000000
0.000000
3.406250
3.031250
3.140625
3.156250
3.187500
3.031250
3.312500
3.468750
3.718750
3.765625
3.953125
4.031250
4.000000
3.890625
4.359375
4.437500
4.562500
5.265625
5.093750
4.812500
4.390625
3.843750
3.875000
3.968750
4.046875
4.250000
4.015625
4.000000
4.109375
4.000000
3.718750
3.828125
4.031250
4.718750
3.015625
0.062500
0.000000
0.000000
0.218750
0.000000
0.000000
0.000000
0.000000
0.000000
0.000000
0.000000
0.000000
0.000000
0.000000
0.000000
0.000000
0.000000
0.000000
0.000000
0.000000
0.000000
0.000000
0.000000
0.000000
0.000000
0.000000
0.000000
0.000000
0.000000
0.000000
0.000000
0.000000
0.000000
0.000000
0.000000
0.000000
0.000000
1.406250
0.000000
0.000000
0.750000
0.000000
0.000000
0.000000
0.000000
0.000000
0.000000
0.000000
0.000000
0.000000
0.000000
0.000000
0.000000
0.000000
0.000000
0.000000
0.000000
0.000000
0.000000
0.000000
0.000000
0.000000
0.000000
0.000000
0.000000
0.000000
0.000000
0.000000
0.000000
0.000000
0.000000
0.000000
0.000000
0.000000
0.000000
0.000000
0.000000
0.000000
0.000000
1.171875
0.000000
0.125000
0.984375
0.500000
0.484375
0.109375
0.328125
0.515625
0.375000
0.468750
0.468750
0.265625
0.546875
0.578125
0.453125
0.515625
0.515625
0.375000
0.250000
0.484375
0.437500
0.484375
0.578125
0.406250
0.359375
0.484375
0.375000
0.640625
0.703125
0.296875
0.687500
0.625000
0.390625
0.546875
0.421875
0.484375
0.890625
0.000000
0.000000
0.000000
0.828125
4.562500
3.312500
1.359375
1.359375
0.515625
0.296875
0.453125
0.406250
0.375000
0.265625
0.515625
0.734375
0.562500
0.531250
0.796875
0.421875
0.453125
0.937500
0.531250
0.656250
1.062500
1.171875
0.984375
0.812500
0.296875
0.312500
0.421875
0.500000
0.796875
0.906250
0.562500
0.875000
0.937500
0.531250
0.593750
0.734375
0.781250
1.015625
0.000000
0.000000
0.000000
0.000000
0.000000
0.000000
0.000000
0.000000
0.000000
0.000000
0.000000
0.000000
0.000000
0.000000
0.000000
0.000000
0.000000
0.000000
0.000000
0.000000
0.000000
0.000000
0.000000
0.000000
0.000000
0.000000
0.000000
0.000000
0.000000
0.000000
0.000000
0.000000
0.000000
0.000000
0.000000
0.000000
0.000000
0.000000
0.000000
0.000000
0.000000
0.000000
0.000000
0.000000
0.000000
0.000000
0.000000
0.000000
0.000000
0.000000
0.000000
0.000000
0.000000
0.000000
0.000000
0.000000
0.000000
0.000000
0.000000
0.000000
0.000000
0.000000
0.000000
0.000000
0.000000
0.000000
0.000000
0.000000
0.000000
0.000000
0.000000
0.000000
0.000000
0.000000
0.000000
0.000000
0.000000
0.000000
0.000000
0.000000
0.000000
0.000000
0.000000
0.421875
0.156250
0.000000
0.000000
0.000000
0.000000
0.000000
0.000000
0.000000
0.000000
0.000000
0.000000
0.000000
0.000000
0.000000
0.000000
0.000000
0.000000
0.000000
0.000000
0.000000
0.000000
0.000000
0.000000
0.000000
0.000000
0.000000
0.000000
0.000000
0.000000
0.000000
0.000000
0.000000
0.000000
0.000000
0.000000
1.328125
2.078125
1.671875
1.281250
2.687500
3.109375
1.546875
0.000000
0.000000
0.000000
0.000000
0.000000
0.000000
0.000000
0.000000
0.000000
0.000000
0.000000
0.000000
0.000000
0.000000
0.000000
0.000000
0.000000
0.000000
0.000000
0.000000
0.000000
0.000000
0.000000
0.000000
0.000000
0.000000
0.000000
0.000000
0.000000
0.000000
0.000000
0.000000
0.000000
0.000000
0.000000
2.625000
1.046875
0.609375
0.281250
0.703125
0.578125
0.515625
0.812500
0.625000
0.625000
0.781250
0.625000
0.578125
0.812500
0.703125
0.703125
0.765625
0.750000
0.578125
0.765625
0.828125
0.703125
0.859375
0.796875
0.734375
0.828125
0.828125
0.734375
1.015625
0.734375
0.671875
1.046875
0.812500
0.734375
0.828125
0.781250
1.156250
0.843750
0.000000
0.000000
0.156250
1.453125
2.781250
0.000000
0.000000
0.828125
0.843750
0.921875
1.140625
1.000000
0.875000
1.078125
1.187500
1.187500
1.031250
1.296875
1.265625
1.093750
1.421875
1.437500
1.093750
1.531250
1.875000
1.421875
1.296875
1.031250
0.656250
0.984375
1.015625
1.265625
1.406250
1.218750
1.125000
1.453125
1.093750
0.890625
1.156250
1.218750
1.812500
1.296875
0.000000
0.312500
0.000000
0.000000
0.000000
0.000000
0.000000
0.000000
0.000000
0.000000
0.000000
0.000000
0.000000
0.000000
0.000000
0.000000
0.000000
0.000000
0.000000
0.000000
0.000000
0.000000
0.000000
0.000000
0.000000
0.000000
0.000000
0.000000
0.000000
0.000000
0.000000
0.000000
0.000000
0.000000
0.000000
0.000000
0.000000
0.000000
0.000000
0.796875
5.015625
5.062500
5.734375
0.000000
0.000000
0.000000
0.000000
0.000000
0.000000
0.000000
0.000000
0.000000
0.000000
0.000000
0.000000
0.000000
0.000000
0.000000
0.000000
0.000000
0.000000
0.000000
0.000000
0.000000
0.000000
0.000000
0.000000
0.000000
0.000000
0.000000
0.000000
0.000000
0.000000
0.000000
0.000000
0.000000
0.000000
0.000000
0.000000
0.000000
0.000000
