0.140625
0.703125
1.578125
1.078125
0.062500
0.046875
0.000000
0.031250
0.000000
0.000000
0.000000
0.125000
0.281250
0.093750
0.156250
0.171875
0.140625
0.156250
0.125000
0.203125
0.093750
0.187500
0.250000
0.234375
0.171875
0.156250
0.234375
0.218750
0.125000
0.125000
0.093750
0.046875
0.109375
0.031250
0.093750
0.031250
0.093750
0.218750
0.171875
0.109375
0.171875
0.093750
0.093750
0.109375
0.015625
0.000000
0.000000
0.031250
0.046875
0.078125
0.015625
0.000000
0.000000
0.015625
0.046875
0.000000
0.000000
0.000000
0.000000
0.000000
0.000000
0.000000
0.000000
0.000000
0.000000
0.000000
0.000000
0.000000
0.000000
0.000000
0.093750
0.078125
0.203125
0.140625
0.000000
0.000000
0.296875
2.218750
3.781250
4.421875
5.000000
5.500000
6.000000
4.984375
3.859375
2.843750
1.281250
0.000000
0.000000
0.000000
0.000000
0.000000
0.000000
0.000000
0.031250
0.046875
0.031250
0.187500
0.000000
0.000000
0.000000
0.046875
0.078125
0.078125
0.000000
0.000000
0.000000
0.000000
0.000000
0.000000
0.000000
0.000000
0.000000
0.000000
0.000000
0.000000
0.000000
0.000000
0.000000
0.000000
0.000000
0.000000
0.000000
0.000000
0.000000
0.000000
0.000000
0.000000
0.000000
0.000000
0.000000
0.000000
0.000000
0.000000
0.000000
0.000000
0.000000
0.000000
0.000000
0.000000
0.000000
0.000000
0.000000
0.000000
0.000000
0.000000
0.000000
0.000000
0.000000
0.000000
0.000000
0.000000
0.000000
0.000000
0.000000
0.000000
0.234375
0.000000
0.000000
0.000000
