2.187500
3.718750
0.859375
0.421875
2.687500
6.281250
6.687500
6.328125
6.515625
7.921875
8.750000
8.718750
9.203125
9.531250
10.421875
17.390625
8.250000
-2.390625
0.812500
3.312500
-5.218750
3.171875
-13.515625
3.265625
7.437500
2.328125
6.906250
8.000000
10.640625
10.843750
13.296875
12.093750
5.671875
7.812500
13.203125
16.312500
18.640625
13.593750
-2.453125
-11.531250
-6.859375
-9.406250
-13.765625
-15.203125
-14.312500
-13.562500
-15.078125
-14.328125
-15.562500
-15.578125
-15.156250
-17.312500
-18.609375
-20.125000
-23.171875
-28.718750
-41.500000
-41.046875
-27.390625
-39.218750
-34.843750
-1.453125
-29.781250
-21.687500
-10.406250
-16.046875
-17.484375
-15.906250
-17.437500
-23.203125
-16.187500
-11.734375
-24.968750
-25.750000
-27.375000
-31.437500
-39.156250
-43.921875
-27.437500
-10.531250
7.281250
8.625000
4.328125
0.500000
-3.500000
-5.015625
-5.078125
-5.625000
-5.968750
-5.281250
-4.890625
-5.125000
-5.359375
-6.812500
-9.203125
-0.890625
4.921875
-7.296875
9.234375
-2.843750
6.890625
19.515625
21.578125
30.078125
12.468750
8.500000
2.093750
1.296875
5.781250
10.828125
8.812500
-6.359375
-15.296875
-15.906250
-8.375000
-8.171875
2.843750
7.703125
-17.953125
-16.859375
-4.593750
-5.265625
-3.265625
-0.843750
-0.671875
-1.890625
-2.734375
-2.250000
-1.421875
-2.546875
-3.265625
-4.078125
-4.296875
-4.765625
-4.765625
-9.781250
6.125000
1.515625
20.890625
16.921875
8.906250
1.515625
6.625000
-4.890625
-0.953125
-3.843750
-5.984375
-7.171875
-10.218750
-9.000000
-19.828125
-22.359375
-7.906250
-1.906250
0.968750
-1.531250
-9.468750
-0.390625
-6.078125
17.078125
