0000
0019
0000
0000
0000
0000
0000
0000
0000
0000
0000
0000
0000
0000
0000
0000
05cf
02e7
0712
0594
0066
02d1
0000
0000
0000
0000
0007
0000
0125
02f0
01e1
0000
0000
0000
0000
0000
00d2
0504
013b
01fa
0031
0000
0000
0000
0000
0000
0000
0000
0000
0000
0000
0000
0000
0000
0000
0000
0000
0000
0000
0000
0021
0000
0000
0000
0000
0000
0000
0000
0000
0000
0000
0000
0000
0000
0000
0000
0000
0000
0000
0000
01af
01e1
021e
01d1
00d2
0000
0000
0000
0000
0000
0000
0000
000f
0000
0000
0000
0000
0000
0000
0000
0120
00a9
075b
06c8
0196
021b
003b
0061
0000
0000
0000
0000
0000
0000
0000
0000
0000
0000
0000
0000
0000
0057
0165
01a4
0096
00a3
006a
003f
007a
0054
0000
0070
0097
0039
0000
0000
009e
0000
0000
045e
0105
06df
0bc7
07a7
0446
0359
0133
007c
002c
0008
00ac
01bb
0167
018e
023d
017d
0000
02a9
00a3
0240
