2.171875
4.218750
3.765625
3.453125
3.625000
3.750000
4.062500
4.062500
4.187500
4.203125
4.062500
4.359375
4.500000
4.578125
4.640625
4.687500
4.562500
4.562500
4.812500
4.906250
5.093750
5.203125
5.062500
5.140625
5.343750
5.328125
5.750000
5.796875
5.421875
5.671875
5.812500
5.625000
5.609375
5.562500
6.156250
6.750000
5.640625
2.796875
0.250000
1.687500
6.906250
8.875000
7.437500
5.734375
5.390625
6.609375
6.843750
7.187500
7.203125
7.234375
7.718750
8.421875
8.390625
8.609375
8.953125
8.937500
9.093750
9.906250
9.734375
10.093750
11.031250
11.453125
11.234375
10.406250
9.218750
8.359375
8.140625
8.171875
8.390625
8.531250
8.375000
8.578125
8.625000
8.125000
7.828125
7.984375
8.703125
9.296875
7.578125
2.109375
0.000000
2.046875
2.046875
0.250000
0.000000
0.000000
0.000000
0.109375
0.000000
0.234375
0.203125
0.000000
0.234375
0.265625
0.140625
0.187500
0.359375
0.078125
0.109375
0.484375
0.328125
0.406250
0.437500
0.093750
0.390625
0.453125
0.171875
0.812500
0.671875
0.000000
0.406250
0.562500
0.359375
0.312500
0.000000
1.031250
5.078125
7.281250
4.968750
0.000000
0.000000
9.218750
11.296875
7.375000
3.187500
1.421875
0.953125
1.453125
2.015625
1.859375
1.453125
2.203125
2.531250
1.953125
2.062500
2.640625
1.781250
2.546875
3.359375
2.250000
1.937500
2.843750
3.484375
3.687500
3.828125
2.843750
2.109375
1.484375
0.890625
1.140625
1.265625
0.781250
1.515625
1.906250
1.203125
0.859375
0.234375
1.187500
8.703125
8.687500
0.906250
2.250000
2.406250
1.453125
2.390625
2.343750
2.093750
2.500000
2.390625
2.234375
2.484375
2.593750
2.312500
2.671875
2.671875
2.453125
2.468750
2.843750
2.500000
2.750000
2.921875
2.593750
2.890625
2.890625
2.750000
3.046875
3.046875
2.671875
3.203125
3.109375
2.781250
3.156250
2.953125
3.078125
3.734375
2.671875
0.500000
2.140625
1.375000
4.656250
3.562500
6.437500
5.437500
2.625000
1.171875
3.734375
3.484375
3.609375
3.515625
4.125000
3.843750
4.015625
4.250000
4.546875
3.937500
4.671875
4.781250
4.437500
4.890625
5.468750
5.312500
5.171875
5.453125
4.562500
4.343750
4.312500
3.796875
4.296875
4.281250
3.953125
4.671875
4.406250
3.796875
4.265625
4.140625
3.906250
5.406250
2.968750
0.359375
3.687500
0.000000
0.000000
0.000000
0.000000
0.000000
0.000000
0.000000
0.000000
0.000000
0.000000
0.000000
0.000000
0.000000
0.000000
0.000000
0.000000
0.000000
0.000000
0.000000
0.000000
0.000000
0.000000
0.000000
0.000000
0.000000
0.000000
0.000000
0.000000
0.000000
0.000000
0.000000
0.000000
0.000000
0.000000
0.000000
0.000000
0.000000
0.000000
3.562500
4.468750
4.937500
3.968750
0.046875
0.000000
0.000000
0.000000
0.000000
0.000000
0.000000
0.000000
0.000000
0.000000
0.000000
0.000000
0.000000
0.000000
0.000000
0.000000
0.000000
0.000000
0.000000
0.000000
0.000000
0.000000
0.000000
0.000000
0.000000
0.000000
0.000000
0.000000
0.000000
0.000000
0.000000
0.000000
0.000000
0.000000
0.000000
0.000000
0.000000
0.000000
