0000
0083
0083
0010
0000
0000
0000
0007
0000
000f
000d
0000
000f
0011
0009
000c
0017
0005
0007
001f
0015
001a
001c
0006
0019
001d
000b
0034
002b
0000
001a
0024
0017
0014
0000
0042
0145
01d2
013e
0000
0000
024e
02d3
01d8
00cc
005b
003d
005d
0081
0077
005d
008d
00a2
007d
0084
00a9
0072
00a3
00d7
0090
007c
00b6
00df
00ec
00f5
00b6
0087
005f
0039
0049
0051
0032
0061
007a
004d
0037
000f
004c
022d
022c
0000
0000
0000
0000
0000
0000
0000
0000
0000
0000
0000
0000
0000
0000
0000
0000
0000
0000
0000
0000
0000
0000
0000
0000
0000
0000
0000
0000
0000
0000
0000
0000
0000
0000
0000
0000
0000
0000
00e4
011e
013c
00fe
0003
0000
0000
0000
0000
0000
0000
0000
0000
0000
0000
0000
0000
0000
0000
0000
0000
0000
0000
0000
0000
0000
0000
0000
0000
0000
0000
0000
0000
0000
0000
0000
0000
0000
0000
0000
0000
0000
