0000
0000
000a
0048
001a
0000
0000
0000
0000
0000
0000
0005
0004
0000
0000
0000
0002
000a
0000
0000
0000
0000
0009
0007
0000
0000
0000
0001
0005
0002
0004
0000
0000
0000
0000
0002
0000
0000
0003
0000
0003
000a
0004
0001
0000
0000
0000
0006
0006
0000
0000
0000
000a
000d
0009
0000
0000
0000
0005
000b
0000
0000
0000
0000
0006
0006
0000
0000
0000
0013
001e
001b
0000
0000
0000
0000
0000
0000
0000
0000
0079
0072
0030
0051
00a7
00d1
009f
002d
0000
0000
0000
0005
0002
0000
0000
0000
0003
0000
0005
0002
0005
000b
0008
000c
0006
0001
0012
000a
0010
0006
0000
0000
0000
0014
0016
0010
0001
0000
000d
000f
000f
000e
0009
0007
000f
0010
000a
0005
0000
0000
0002
0006
0000
0000
0000
0000
0000
0000
0000
0000
0000
0000
0005
000d
0007
0000
0000
0001
0005
0008
0006
0000
0000
0007
0018
002d
0000
0000
0000
0000
