0.000000
0.734375
0.203125
0.203125
0.546875
0.500000
0.500000
0.453125
0.515625
0.562500
0.500000
0.375000
0.312500
0.515625
0.593750
0.578125
0.500000
0.484375
0.468750
0.484375
0.687500
0.640625
0.484375
0.453125
0.515625
0.593750
0.656250
0.640625
0.578125
0.578125
0.578125
0.546875
0.609375
0.625000
0.562500
0.531250
0.546875
0.546875
0.625000
0.671875
0.625000
0.671875
0.640625
0.640625
0.687500
0.718750
0.703125
0.640625
0.562500
0.625000
0.718750
0.703125
0.703125
0.656250
0.671875
0.765625
0.875000
0.859375
0.656250
0.609375
0.656250
0.734375
0.859375
0.812500
0.734375
0.656250
0.687500
0.750000
0.781250
0.781250
0.578125
0.640625
1.062500
0.984375
0.531250
0.000000
0.000000
0.000000
0.421875
0.000000
0.000000
0.000000
0.015625
1.500000
1.437500
0.453125
0.000000
0.453125
0.921875
0.968750
0.906250
0.812500
0.843750
0.765625
0.812500
0.906250
0.968750
0.921875
0.859375
0.859375
0.875000
0.843750
0.859375
1.031250
1.109375
1.031250
1.125000
1.000000
0.968750
1.062500
1.203125
1.234375
1.187500
1.015625
0.906250
1.031250
1.281250
1.312500
1.328125
1.093750
1.046875
1.203125
1.359375
1.484375
1.531250
1.593750
1.390625
1.421875
1.453125
1.406250
1.187500
1.046875
1.031250
1.046875
1.046875
0.984375
0.968750
1.015625
1.031250
1.015625
1.125000
1.187500
1.046875
0.968750
0.968750
1.125000
1.187500
1.234375
1.046875
0.937500
0.953125
0.984375
1.000000
1.000000
1.062500
0.968750
1.531250
0.859375
1.203125
1.328125
0.000000
0.296875
0.937500
1.359375
1.843750
1.718750
1.750000
1.781250
1.765625
1.687500
1.406250
1.406250
1.453125
1.671875
1.765625
1.734375
1.703125
1.625000
1.750000
1.796875
1.828125
1.718750
1.625000
1.656250
1.765625
1.828125
1.906250
1.921875
1.859375
1.890625
1.890625
1.968750
1.953125
1.968750
1.921875
1.781250
1.796875
1.906250
1.984375
2.093750
2.062500
2.062500
2.140625
2.218750
2.281250
2.218750
2.125000
2.078125
2.109375
2.203125
2.296875
2.281250
2.187500
2.281250
2.453125
2.671875
2.718750
2.562500
2.312500
2.265625
2.421875
2.531250
2.625000
2.531250
2.437500
2.390625
2.437500
2.453125
2.218750
2.171875
2.343750
2.765625
3.343750
3.281250
2.093750
0.078125
0.000000
0.000000
0.000000
0.000000
0.000000
0.000000
0.000000
0.062500
0.828125
1.250000
1.859375
2.578125
2.937500
2.921875
2.921875
2.734375
2.671875
2.609375
2.750000
2.765625
2.843750
2.937500
2.875000
2.781250
2.734375
2.796875
3.015625
3.234375
3.375000
3.546875
3.406250
3.453125
3.453125
3.765625
3.937500
3.765625
3.546875
3.281250
3.437500
3.734375
4.171875
4.187500
4.031250
3.875000
3.937500
4.171875
4.500000
4.812500
4.921875
4.937500
4.796875
4.750000
4.703125
4.437500
4.171875
3.859375
3.796875
3.765625
3.750000
3.671875
3.546875
3.593750
3.640625
3.765625
3.796875
3.671875
3.468750
3.437500
3.562500
3.859375
3.843750
3.718750
3.500000
3.406250
3.406250
3.453125
3.500000
3.296875
3.390625
3.546875
4.609375
4.734375
2.234375
1.515625
