003b
00d0
00ea
0069
0052
0040
0061
0053
0026
0046
007a
00b1
008f
0069
007a
0255
0506
01da
0000
0100
003e
0000
012e
0269
0090
00fd
014b
00d6
017d
0346
019d
0000
0000
0085
00ab
008b
0371
041c
0000
0000
00cb
0176
00b5
0000
0000
0000
0000
0000
0000
0000
0000
0000
0000
0000
0000
0000
0019
0000
0000
0000
0000
0495
0000
0021
00f9
001d
0000
0000
0007
0000
00d5
01be
0000
0000
0000
0000
0000
0000
0000
0000
0000
0000
0000
0000
0004
0000
0000
0003
0010
000e
0009
0000
0000
0000
0049
0038
0000
043a
0313
0255
03d2
0256
039e
021e
0232
0149
0141
0170
0140
017a
01fb
0166
01d5
027c
024a
0165
00a4
00fe
03cf
029a
0000
0000
0000
0000
0000
0000
0000
0000
0000
0000
0000
0000
0000
0000
0000
0000
0000
0000
0000
0000
0000
0000
0000
0000
0000
0000
0000
0000
0000
0000
0000
0000
0000
0000
0000
0000
0000
0000
00d1
02e8
