0.296875
0.000000
0.000000
0.484375
1.140625
1.187500
1.156250
1.234375
1.281250
1.281250
0.984375
0.843750
0.984375
1.109375
1.140625
1.078125
1.109375
1.015625
1.093750
1.265625
1.281250
1.062500
1.000000
1.062500
1.171875
1.171875
1.187500
1.203125
1.140625
1.203125
1.203125
1.218750
1.281250
1.281250
1.296875
1.218750
1.125000
1.203125
1.281250
1.281250
1.265625
1.250000
1.281250
1.375000
1.484375
1.453125
1.359375
1.296875
1.312500
1.406250
1.515625
1.468750
1.328125
1.296875
1.468750
1.703125
1.796875
1.687500
1.484375
1.484375
1.593750
1.656250
1.656250
1.593750
1.546875
1.546875
1.625000
1.734375
1.500000
1.171875
1.218750
1.484375
2.031250
2.515625
2.546875
1.703125
0.437500
0.000000
0.000000
0.000000
0.000000
0.000000
0.000000
0.000000
0.000000
0.000000
0.562500
1.765625
2.078125
1.781250
1.812500
1.765625
1.703125
1.609375
1.687500
1.718750
1.593750
1.734375
1.828125
1.765625
1.671875
1.609375
1.765625
1.906250
1.921875
2.125000
2.140625
2.000000
2.031250
2.281250
2.468750
2.453125
2.250000
2.000000
1.921875
2.156250
2.500000
2.593750
2.484375
2.375000
2.421875
2.515625
2.578125
2.765625
2.921875
2.937500
2.906250
3.000000
3.078125
2.859375
2.750000
2.625000
2.562500
2.531250
2.515625
2.453125
2.375000
2.328125
2.312500
2.390625
2.515625
2.421875
2.203125
2.140625
2.187500
2.375000
2.468750
2.390625
2.218750
2.171875
2.234375
2.203125
2.281250
2.187500
1.984375
1.750000
2.375000
4.125000
2.890625
1.250000
