0.312500
0.312500
0.828125
0.500000
1.187500
0.765625
0.921875
1.765625
0.953125
0.921875
1.453125
1.046875
1.750000
3.703125
3.250000
3.343750
5.265625
13.781250
22.187500
15.937500
25.109375
27.625000
10.765625
2.578125
1.296875
0.859375
2.328125
3.437500
1.953125
2.078125
11.468750
20.203125
18.609375
10.968750
5.843750
6.328125
7.312500
8.843750
22.328125
19.968750
3.890625
1.531250
3.437500
2.812500
3.015625
2.781250
3.109375
3.593750
3.265625
3.843750
4.171875
3.671875
4.437500
5.093750
4.531250
5.359375
7.359375
18.609375
30.703125
16.109375
26.031250
13.625000
7.328125
7.750000
6.437500
7.406250
8.281250
8.843750
9.140625
9.296875
13.140625
20.312500
16.578125
10.953125
8.468750
8.750000
9.484375
12.421875
28.140625
26.812500
-3.640625
-2.718750
-3.562500
-3.671875
-3.984375
-4.109375
-3.937500
-4.515625
-4.312500
-4.218750
-4.609375
-4.890625
-4.781250
-5.234375
-5.093750
-4.546875
-3.562500
-5.812500
-8.515625
11.625000
-1.437500
0.390625
3.265625
-2.828125
-3.687500
-3.796875
-4.156250
-4.750000
-4.859375
-5.046875
-4.093750
3.625000
7.062500
-0.703125
-6.062500
-6.781250
-5.203125
-5.453125
-5.359375
0.171875
4.750000
1.484375
-1.484375
-2.484375
-3.109375
-2.625000
-3.031250
-3.703125
-3.187500
-2.656250
-3.093750
-3.578125
-3.515625
-4.265625
-4.359375
-4.750000
-4.921875
-4.609375
7.187500
10.171875
14.500000
20.125000
4.875000
-1.843750
-1.625000
-0.703125
-2.781250
-3.578125
-1.531250
-2.343750
-8.781250
-6.796875
-5.500000
-4.531250
-5.921875
-6.312500
-6.015625
-8.187500
-4.156250
10.109375
-1.015625
-0.437500
2.656250
2.671875
3.406250
2.984375
3.140625
4.234375
3.406250
3.187500
3.796875
3.656250
4.140625
5.593750
5.109375
5.703125
7.703125
16.093750
16.500000
0.625000
18.531250
-1.500000
-0.484375
2.531250
2.109375
1.781250
3.812500
4.531250
2.750000
3.531250
11.796875
11.656250
7.531250
7.625000
8.093750
8.687500
8.703125
13.093750
22.109375
10.187500
0.828125
-1.859375
-2.906250
-2.656250
-2.937500
-2.609375
-2.843750
-3.625000
-3.000000
-2.328125
-2.921875
-3.046875
-2.812500
-4.625000
-5.703125
-5.000000
-3.062500
-2.343750
-15.046875
22.062500
23.625000
-12.375000
3.312500
-0.765625
1.031250
1.390625
0.218750
-0.109375
1.312500
1.156250
-2.015625
-6.890625
-9.265625
-8.796875
-5.796875
-5.875000
-6.593750
-5.703125
-5.562500
-30.062500
-4.687500
-1.046875
-1.515625
-0.625000
-0.687500
-0.828125
-0.593750
-0.781250
-0.812500
-0.671875
-0.656250
-0.515625
-0.640625
-1.125000
-0.984375
-0.984375
-0.843750
-4.781250
-19.750000
-14.562500
-22.687500
-20.750000
-11.640625
-1.343750
-0.109375
0.125000
0.312500
0.375000
0.359375
0.609375
-1.921875
-4.640625
-7.750000
-5.515625
-2.218750
-1.562500
-1.968750
-2.203125
-8.046875
-14.515625
4.250000
-0.281250
-2.828125
-3.796875
-4.500000
-3.921875
-4.281250
-5.593750
-4.640625
-3.781250
-4.687500
-5.093750
-5.000000
-6.218750
-6.796875
-6.718750
-6.500000
-8.421875
-21.125000
5.687500
18.046875
2.171875
10.546875
-0.515625
-0.625000
0.390625
-1.890625
-3.515625
-0.828125
-1.546875
-6.828125
-4.843750
-2.593750
-5.656250
-7.875000
-8.906250
-8.234375
-10.187500
-10.750000
-25.171875
