2.968750
1.734375
3.375000
3.781250
3.796875
3.953125
3.953125
4.312500
4.453125
4.203125
4.234375
4.671875
4.687500
4.375000
5.265625
5.156250
4.187500
2.296875
4.296875
0.062500
0.968750
0.000000
0.875000
3.812500
4.406250
4.390625
4.796875
5.609375
5.484375
5.968750
4.796875
3.015625
3.625000
6.062500
6.531250
6.812500
6.062500
5.937500
2.609375
5.406250
0.000000
0.000000
0.000000
0.000000
0.000000
0.000000
0.000000
0.000000
0.000000
0.000000
0.000000
0.000000
0.000000
0.000000
0.000000
0.000000
0.000000
0.000000
1.468750
0.000000
5.421875
0.000000
0.000000
0.000000
0.000000
0.000000
0.000000
0.000000
0.000000
0.000000
0.000000
0.000000
0.000000
0.000000
0.000000
0.000000
0.000000
0.000000
0.781250
7.562500
0.000000
0.000000
0.000000
0.000000
0.000000
0.000000
0.000000
0.000000
0.000000
0.000000
0.000000
0.000000
0.000000
0.000000
0.000000
0.000000
0.312500
2.515625
4.937500
2.453125
0.000000
6.796875
3.687500
0.000000
0.000000
0.000000
0.000000
0.000000
0.000000
0.000000
2.609375
9.656250
10.203125
3.531250
0.000000
0.000000
0.375000
1.328125
6.609375
8.140625
0.000000
0.546875
0.000000
0.000000
0.000000
0.000000
0.000000
0.000000
0.000000
0.000000
0.000000
0.000000
0.000000
0.000000
0.000000
0.000000
0.000000
0.000000
0.000000
0.000000
0.000000
2.890625
0.328125
0.000000
0.000000
0.000000
0.000000
0.000000
0.000000
0.000000
0.000000
0.000000
0.000000
0.000000
0.000000
0.000000
0.000000
0.000000
0.000000
0.671875
0.000000
0.000000
0.031250
0.515625
0.562500
0.500000
0.500000
0.625000
0.828125
0.625000
0.484375
0.703125
0.687500
0.093750
0.468750
0.796875
1.734375
1.890625
5.703125
14.781250
16.781250
1.812500
0.000000
0.000000
0.593750
0.000000
0.546875
1.046875
0.015625
0.781250
0.062500
0.000000
0.000000
0.718750
0.875000
0.968750
0.718750
1.656250
1.781250
4.296875
0.000000
0.000000
0.000000
0.000000
0.000000
0.000000
0.000000
0.000000
0.000000
0.000000
0.000000
0.000000
0.000000
0.000000
0.000000
0.000000
0.000000
0.000000
0.000000
0.000000
0.000000
2.515625
0.000000
0.000000
0.000000
0.000000
0.000000
0.000000
0.000000
0.000000
0.000000
0.281250
0.000000
0.000000
0.000000
0.000000
0.000000
0.000000
0.000000
0.000000
2.890625
3.218750
2.734375
3.546875
3.453125
4.046875
3.828125
3.687500
4.296875
4.437500
4.031250
4.593750
4.937500
4.078125
4.421875
4.328125
3.671875
0.000000
0.000000
0.000000
0.000000
0.000000
4.812500
4.828125
7.093750
7.312500
6.937500
7.296875
8.171875
9.625000
8.031250
4.562500
3.328125
4.031250
5.453125
6.343750
5.406250
4.062500
0.000000
0.000000
0.640625
2.375000
1.687500
2.156250
1.906250
2.046875
2.375000
2.281250
2.234375
2.343750
2.359375
2.625000
2.906250
2.906250
3.125000
2.828125
3.265625
6.765625
6.515625
6.234375
0.000000
1.750000
0.812500
2.265625
3.265625
3.703125
4.125000
4.046875
4.437500
5.156250
5.828125
5.953125
5.906250
4.531250
3.859375
4.421875
4.218750
5.531250
8.828125
7.687500
