0000
006e
017b
0173
0146
00de
00cc
00d8
00e5
00d0
00de
00f0
00f0
00ea
00f5
00ee
00e7
00f6
00ee
00e4
00f9
010e
00fb
011e
0103
00ee
0101
0102
0109
0123
0113
00cc
00ad
0017
0000
0000
0000
0000
0000
0000
0000
0000
0000
00df
0221
023b
0182
00d3
00f1
00f1
010c
011c
0127
0115
0121
00f5
0117
0140
0162
016b
010c
0084
0057
0061
00aa
0103
013a
0142
014c
013d
012a
011f
0123
010f
00d5
0006
0000
0000
0000
0000
00e7
000d
0000
0000
0000
0000
0000
0000
0000
0000
0000
0000
0000
0000
0000
0000
0000
0000
0000
0000
0000
0000
0000
0000
0000
0000
0000
0000
0000
0000
0000
0000
0000
0000
003e
00f7
01de
0136
012b
03af
0465
0492
0161
0000
0000
0000
0000
0000
0000
0000
0000
0000
0000
0000
0000
0000
0000
0000
0000
0000
0000
0000
0000
0000
0000
0000
0000
0000
0000
0000
0000
0000
0000
0000
0000
0000
009a
01d0
0173
0162
