0009
002d
0065
0045
0004
0003
0000
0002
0000
0000
0000
0008
0012
0006
000a
000b
0009
000a
0008
000d
0006
000c
0010
000f
000b
000a
000f
000e
0008
0008
0006
0003
0007
0002
0006
0002
0006
000e
000b
0007
000b
0006
0006
0007
0001
0000
0000
0002
0003
0005
0001
0000
0000
0001
0003
0000
0000
0000
0000
0000
0000
0000
0000
0000
0000
0000
0000
0000
0000
0000
0006
0005
000d
0009
0000
0000
0013
0098
0136
0185
01b3
01c0
01b1
013f
00f7
00b6
0052
0000
0000
0000
0000
0000
0000
0000
0002
0003
0002
000c
0000
0000
0000
0003
0005
0005
0000
0000
0000
0000
0000
0000
0000
0000
0000
0000
0000
0000
0000
0000
0000
0000
0000
0000
0000
0000
0000
0000
0000
0000
0000
0000
0000
0000
0000
0000
0000
0000
0000
0000
0000
0000
0000
0000
0000
0000
0000
0000
0000
0000
0000
0000
0000
0000
0000
0000
0000
0000
000f
0000
0000
0000
0000
0000
000a
0048
001a
0000
0000
0000
0000
0000
0000
0005
0004
0000
0000
0000
0002
000a
0000
0000
0000
0000
0009
0007
0000
0000
0000
0001
0005
0002
0004
0000
0000
0000
0000
0002
0000
0000
0003
0000
0003
000a
0004
0001
0000
0000
0000
0006
0006
0000
0000
0000
000a
000d
0009
0000
0000
0000
0005
000b
0000
0000
0000
0000
0006
0006
0000
0000
0000
0013
001e
001b
0000
0000
0000
000a
0027
0039
0037
0024
0082
0072
0030
0051
00a7
00d1
009f
002d
0000
0000
0000
0005
0002
0000
0000
0000
0003
0000
0005
0002
0005
000b
0008
000c
0006
0001
0012
000a
0010
0006
0000
0000
0000
0014
0016
0010
0001
0000
000d
000f
000f
000e
0009
0007
000f
0010
000a
0005
0000
0000
0002
0006
0000
0000
0000
0000
0000
0000
0000
0000
0000
0000
0005
000d
0007
0000
0000
0001
0005
0008
0006
0000
0000
0007
0018
002d
0000
0000
0000
0025
