5.078125
2.171875
1.187500
1.250000
0.500000
0.546875
0.531250
0.078125
0.437500
1.031250
0.750000
0.593750
4.562500
21.671875
12.687500
34.500000
23.203125
48.265625
55.812500
41.437500
48.812500
45.906250
37.312500
37.796875
42.625000
33.437500
30.328125
20.328125
8.796875
4.140625
0.000000
0.000000
0.000000
21.031250
34.656250
0.000000
0.000000
0.000000
0.000000
0.000000
15.296875
20.593750
28.515625
32.000000
32.578125
23.531250
19.140625
23.171875
27.671875
29.640625
31.468750
30.734375
28.921875
23.500000
18.250000
3.062500
2.937500
1.062500
3.828125
8.609375
10.437500
14.281250
23.062500
20.781250
44.203125
15.046875
40.000000
46.671875
46.671875
54.281250
54.703125
65.187500
76.718750
62.484375
35.296875
30.390625
30.828125
22.437500
36.796875
46.031250
3.500000
1.203125
2.609375
2.031250
2.203125
2.187500
2.093750
2.484375
2.296875
2.140625
2.359375
2.390625
2.218750
2.890625
2.968750
22.406250
23.984375
38.828125
45.015625
40.984375
60.593750
42.640625
44.515625
42.156250
14.843750
23.187500
21.937500
3.312500
1.468750
1.390625
1.656250
1.203125
1.750000
3.671875
8.031250
3.437500
3.000000
4.140625
7.828125
34.984375
9.703125
12.296875
18.015625
18.156250
14.062500
3.859375
0.000000
0.000000
0.000000
0.000000
0.000000
0.000000
0.000000
3.234375
13.078125
11.000000
25.500000
37.328125
50.453125
45.328125
20.109375
85.968750
57.625000
57.921875
67.296875
60.718750
59.203125
36.828125
18.203125
2.125000
0.593750
3.062500
4.703125
8.578125
0.000000
0.000000
0.000000
0.000000
5.312500
10.187500
0.000000
0.078125
0.000000
0.000000
0.000000
0.000000
4.703125
11.312500
16.375000
18.468750
17.437500
18.359375
34.609375
39.968750
33.328125
39.171875
31.906250
45.593750
76.203125
58.750000
54.015625
18.234375
6.953125
0.531250
0.000000
0.000000
0.765625
11.359375
9.328125
3.078125
0.000000
9.546875
26.140625
49.468750
52.609375
19.125000
0.000000
0.000000
5.843750
38.515625
8.093750
3.843750
7.203125
4.500000
7.656250
9.234375
13.609375
21.859375
26.843750
27.640625
29.843750
32.437500
42.656250
43.031250
43.671875
21.031250
0.187500
0.000000
4.187500
3.718750
0.000000
2.484375
5.609375
0.000000
0.000000
0.000000
0.000000
17.109375
23.125000
18.093750
4.031250
8.546875
25.093750
32.937500
40.000000
29.796875
2.562500
0.000000
0.000000
13.203125
3.640625
3.421875
4.796875
3.812500
6.125000
12.453125
14.875000
12.703125
12.328125
12.921875
14.484375
12.375000
2.437500
10.000000
17.187500
32.156250
34.843750
35.406250
21.500000
19.343750
3.765625
8.000000
12.000000
2.234375
11.609375
2.375000
3.125000
16.125000
19.953125
25.546875
30.515625
22.625000
15.140625
8.640625
28.703125
50.984375
60.500000
37.875000
26.484375
14.953125
0.000000
0.000000
0.000000
2.437500
4.000000
3.453125
5.937500
11.250000
13.828125
14.593750
13.671875
13.406250
7.937500
24.453125
14.578125
63.609375
59.921875
79.968750
69.359375
79.500000
84.000000
13.343750
0.468750
0.578125
0.937500
1.265625
1.484375
1.250000
1.484375
1.796875
11.265625
14.562500
5.812500
2.921875
5.078125
0.000000
44.328125
54.453125
67.000000
60.281250
