4.718750
2.687500
5.281250
9.687500
7.203125
9.390625
8.906250
11.484375
13.078125
12.531250
13.343750
14.843750
16.765625
29.078125
19.906250
30.375000
35.171875
32.812500
37.156250
29.609375
0.000000
7.671875
6.281250
2.031250
14.437500
18.218750
18.953125
23.593750
36.500000
38.078125
16.765625
4.750000
14.546875
25.906250
34.140625
31.421875
28.734375
4.437500
10.640625
10.062500
0.000000
0.000000
0.000000
0.000000
0.000000
0.000000
0.000000
0.000000
0.000000
0.000000
0.000000
0.000000
0.000000
0.000000
0.000000
0.000000
0.000000
0.000000
0.000000
0.000000
0.468750
0.000000
0.000000
0.000000
0.000000
0.000000
0.000000
0.000000
0.000000
0.000000
0.000000
0.000000
0.000000
0.000000
0.000000
0.000000
0.000000
0.000000
0.000000
0.000000
0.000000
0.000000
4.750000
2.140625
2.609375
0.000000
0.000000
0.000000
0.000000
0.000000
0.000000
0.000000
0.000000
0.000000
0.000000
0.000000
0.000000
0.000000
0.000000
0.000000
0.000000
34.765625
25.375000
20.421875
31.093750
12.437500
2.406250
0.000000
0.000000
0.000000
0.000000
0.000000
0.000000
0.000000
0.000000
0.000000
0.000000
7.000000
33.734375
8.203125
11.625000
4.812500
7.906250
2.359375
1.000000
3.703125
0.000000
0.000000
0.000000
0.000000
0.000000
0.000000
0.000000
12.265625
2.328125
0.000000
0.000000
0.000000
0.000000
0.000000
0.000000
0.000000
0.000000
0.000000
20.890625
16.562500
17.328125
22.781250
23.843750
23.765625
0.000000
0.000000
0.000000
0.000000
0.000000
0.000000
0.000000
0.000000
0.000000
0.000000
