0.000000
0.000000
0.000000
0.000000
0.000000
0.000000
0.000000
0.000000
0.000000
0.000000
0.000000
0.000000
0.000000
0.000000
0.000000
0.000000
0.000000
0.000000
0.000000
0.000000
19.546875
9.312500
3.765625
0.390625
0.000000
0.000000
0.000000
0.000000
0.000000
0.000000
0.000000
0.000000
0.000000
0.000000
0.000000
0.000000
0.000000
0.000000
0.000000
0.000000
0.812500
0.000000
5.687500
9.390625
10.171875
10.656250
10.578125
11.750000
11.906250
10.718750
11.250000
12.109375
12.125000
13.921875
15.656250
13.906250
11.250000
18.562500
10.421875
0.000000
0.000000
0.000000
0.000000
0.000000
4.578125
3.343750
4.765625
7.390625
7.234375
4.453125
2.718750
6.703125
16.312500
21.703125
21.375000
19.203125
18.734375
15.187500
25.000000
29.531250
0.031250
4.093750
3.015625
2.750000
2.671875
2.203125
2.890625
2.859375
2.656250
2.718750
2.687500
3.031250
3.578125
3.640625
3.703125
5.187500
12.093750
24.078125
23.687500
32.015625
13.281250
9.015625
5.562500
0.000000
1.312500
1.375000
2.828125
2.296875
1.187500
4.750000
9.375000
5.921875
2.828125
1.546875
3.781250
5.406250
7.359375
17.468750
18.156250
8.421875
0.000000
0.000000
0.000000
0.000000
0.015625
0.000000
0.000000
0.531250
0.281250
0.000000
0.000000
0.000000
0.000000
0.000000
0.000000
0.640625
0.000000
0.000000
9.468750
0.000000
0.000000
0.000000
0.000000
0.000000
0.000000
0.000000
0.000000
3.187500
0.390625
0.000000
9.437500
11.218750
0.000000
0.000000
0.000000
0.421875
0.000000
0.000000
0.000000
0.000000
