0005
0006
0006
0007
0008
0006
0008
0007
0007
0007
0007
0008
0006
0006
0007
0008
0007
0008
0009
0007
0006
0007
0007
0007
0007
0006
0007
0007
0006
0007
0007
0007
0007
0008
0008
0007
0008
0006
0006
0006
0006
0006
0006
0006
0006
0007
0008
0007
0009
0007
0006
0006
0007
0007
0007
0006
0008
0008
0008
0008
0006
0006
0008
0008
0008
0008
0007
0007
0007
0009
0009
0007
0007
0006
000a
000f
0014
0015
000e
0007
0002
0000
0000
0000
0003
000b
0009
0008
0006
0007
0007
0007
0008
0008
0007
0006
0008
0009
0008
0009
0008
0008
0007
0007
0009
0007
0009
000a
0009
0009
0008
000a
000a
000a
000b
0008
0008
0008
000b
000b
000a
000a
0009
0008
0009
000a
000c
000b
0009
000c
000d
000b
000b
000a
000b
000b
000a
0009
0009
0008
0008
0009
0009
0008
0007
0007
0007
0009
0009
0009
0009
000a
0009
0009
0009
0009
0008
0008
000f
0023
0013
0007
0007
0007
0007
0006
0006
0007
0007
0007
0007
0007
0008
0008
0008
0008
0007
0008
0008
0009
0008
0006
0005
0006
0008
000a
0009
0008
0007
0008
0008
0009
0008
0009
0008
0009
0008
0009
0008
0008
0008
0008
0008
000a
000b
0008
0009
000a
0009
0009
0009
0009
0009
0009
000a
000b
0009
0006
0007
0008
000b
000b
000a
0009
0008
0008
0008
000b
000a
0009
0009
000b
000d
0005
0000
0000
0000
0000
0000
0000
0014
0034
0043
002f
0010
0004
0007
000e
000d
000c
000c
000c
000b
000c
000e
000e
000f
000e
000f
000d
000e
000f
000e
000f
0011
0010
000f
000e
000f
0011
0011
000f
000f
0010
0011
0014
0014
0013
0011
0011
0013
0015
0014
0014
0013
0010
0010
000e
000f
000b
0009
0009
0009
000b
000b
0009
000a
000b
000c
000e
000d
000c
000c
000b
000d
000f
000d
000c
0009
000b
000c
000d
000d
000e
000c
000d
000d
000d
0000
0000
