0.593750
0.843750
2.703125
2.578125
1.468750
1.156250
1.187500
1.203125
1.156250
1.187500
1.281250
1.218750
1.187500
1.296875
1.421875
1.406250
1.375000
1.343750
1.343750
1.437500
1.437500
1.437500
1.546875
1.578125
1.671875
1.843750
1.921875
1.890625
2.312500
2.281250
2.218750
2.015625
1.937500
2.078125
2.500000
6.437500
8.671875
10.359375
7.203125
0.000000
0.000000
0.000000
0.296875
5.843750
4.343750
2.718750
1.515625
1.703125
1.718750
1.906250
1.953125
2.218750
2.234375
2.250000
2.265625
2.578125
2.500000
2.718750
2.859375
2.890625
2.750000
3.781250
4.843750
5.390625
5.953125
6.187500
5.468750
4.312500
2.953125
2.546875
3.000000
3.218750
3.406250
3.390625
3.578125
3.187500
5.328125
8.031250
10.156250
11.031250
3.125000
2.421875
0.546875
0.421875
0.578125
0.625000
0.625000
0.656250
0.593750
0.546875
0.546875
0.531250
0.546875
0.593750
0.734375
0.734375
0.718750
0.578125
0.531250
0.531250
0.531250
0.546875
0.531250
0.500000
0.453125
0.640625
0.703125
0.765625
1.015625
1.015625
1.000000
0.890625
0.656250
0.000000
0.046875
2.500000
2.703125
0.281250
2.156250
6.593750
5.859375
8.109375
6.890625
2.343750
0.171875
0.000000
0.000000
0.000000
0.000000
0.000000
0.000000
0.000000
0.000000
0.000000
0.000000
0.000000
0.000000
0.000000
0.000000
0.000000
0.000000
0.437500
1.296875
1.718750
1.531250
1.609375
1.640625
1.359375
0.656250
0.718750
1.000000
1.093750
1.046875
1.015625
0.984375
0.312500
1.796875
3.875000
4.375000
4.843750
