006e
0011
0000
0000
0000
0000
0000
0000
0000
0000
0000
0000
0000
0000
0000
0000
0000
0000
0288
025b
0000
01d2
007e
0000
0000
0000
0000
0000
0000
0000
0000
0000
0057
0000
0000
0000
0000
0000
0000
016a
0000
0000
0000
0000
0000
0000
0000
0000
0000
0000
0000
0000
0000
0000
0000
0000
0000
0000
00f8
0000
003e
017b
0000
0000
0000
0000
0000
0000
0000
0000
0000
0000
0000
0000
0000
0000
0000
0000
0000
0000
0075
0059
00d4
00e3
00f4
00f0
0101
0114
0113
011d
012a
0136
0147
0143
013e
015e
016e
008f
0000
0000
0000
0000
0000
01b5
01b1
01cf
020c
023d
023e
0260
025d
0167
00c0
0170
01f2
01ed
01c4
01f4
0083
0000
0000
0000
0000
0000
0000
0000
0000
0000
0000
0000
0000
0000
0000
0000
0000
0000
0000
0000
0000
0000
0000
0000
0000
0000
0000
0000
0000
0000
0000
0000
0000
0000
0000
0000
0000
0000
0000
0000
0000
0000
0000
0000
0000
0000
0000
0000
0000
0000
0000
0000
0000
0000
0000
0000
0000
0000
0000
0000
0000
0000
0000
0000
0000
0000
0000
0000
0000
0000
0000
0000
0000
0000
0000
0000
0000
0000
0000
0000
0000
0095
01e0
011e
007d
0067
0066
0082
0072
0063
007e
0091
0091
0090
008f
0099
008c
0055
003e
00bf
021c
06ed
0a27
0809
0493
0123
0142
015f
0133
0141
019c
0188
011a
018d
01fc
0180
00ed
00d1
00b0
0047
0173
015c
0077
0091
0000
000a
0000
0000
0009
0000
0000
0000
0000
0005
0000
002c
005d
0019
0000
001d
0000
0000
0000
0223
019d
0000
0000
0000
0000
0000
0000
0000
002a
01d0
0287
011b
0011
0038
0052
0020
006b
0267
0084
001a
0000
0000
0000
0000
0000
0000
0000
0000
0000
0000
0000
0000
0000
0000
0000
0000
013f
0000
0000
02e7
0000
0000
0000
0000
0000
0000
0000
0000
0000
0000
0000
0000
0000
0000
0000
0000
0000
01ca
00be
006f
00d8
00f2
00f3
00fd
00fd
0114
011d
010d
010f
012b
012c
0118
0151
014a
010c
0093
0113
0004
003e
0000
0038
00f4
011a
0119
0133
0167
015f
017e
0133
00c1
00e8
0184
01a2
01b4
0184
017c
00a7
015a
0000
0000
0000
0000
0000
0000
0000
0000
0000
0000
0000
0000
0000
0000
0000
0000
0000
0000
005e
0000
015b
0000
0000
0000
0000
0000
0000
0000
0000
0000
0000
0000
0000
0000
0000
0000
0000
0000
0032
01e4
0000
0000
0000
0000
0000
0000
0000
0000
0000
0000
0000
0000
0000
0000
0000
0000
0014
00a1
013c
009d
0000
01b3
00ec
0000
0000
0000
0000
0000
0000
0000
00a7
026a
028d
00e2
0000
0000
0018
0055
01a7
0209
0000
0023
0000
0000
0000
0000
0000
0000
0000
0000
0000
0000
0000
0000
0000
0000
0000
0000
0000
0000
0000
00b9
0015
0000
0000
0000
0000
0000
0000
0000
0000
0000
0000
0000
0000
0000
0000
0000
0000
002b
0000
0000
0002
0021
0024
0020
0020
0028
0035
0028
001f
002d
002c
0006
001e
0033
006f
0079
016d
03b2
0432
0074
0000
0000
0026
0000
0023
0043
0001
0032
0004
0000
0000
002e
0038
003e
002e
006a
0072
0113
0000
0000
0000
0000
0000
0000
0000
0000
0000
0000
0000
0000
0000
0000
0000
0000
0000
0000
0000
0000
0000
00a1
0000
0000
0000
0000
0000
0000
0000
0000
0000
0012
0000
0000
0000
0000
0000
0000
0000
0000
00b9
00ce
00af
00e3
00dd
0103
00f5
00ec
0113
011c
0102
0126
013c
0105
011b
0115
00eb
0000
0000
0000
0000
0000
0134
0135
01c6
01d4
01bc
01d3
020b
0268
0202
0124
00d5
0102
015d
0196
015a
0104
0000
0000
0029
0098
006c
008a
007a
0083
0098
0092
008f
0096
0097
00a8
00ba
00ba
00c8
00b5
00d1
01b1
01a1
018f
0000
0070
0034
0091
00d1
00ed
0108
0103
011c
014a
0175
017d
017a
0122
00f7
011b
010e
0162
0235
01ec
009d
016e
015e
01a9
01ac
01b8
01cf
01f1
01e9
01e9
0216
0224
022d
0272
0291
0269
021c
021d
022e
0000
0000
0347
0113
01da
0259
0299
02e0
030c
0331
0376
03b9
0431
03da
0385
035d
0389
0385
032c
03ab
044d
0053
0000
0031
0015
0028
0018
001a
0039
0024
0027
0031
002a
003d
0053
003e
005c
0070
0189
02b3
0000
0115
0055
0000
008a
004b
0045
0057
0086
006b
006e
00cb
012a
00b2
0065
0072
009e
00ad
008f
021f
0206
0000
0000
0000
0000
0000
0000
0000
0000
0000
0000
0000
0000
0000
0000
0000
0000
0000
0000
0000
0125
0000
0000
0000
0000
0000
0000
0000
0000
0000
0000
0000
0000
0000
0000
0000
0000
0000
0000
0000
0061
0077
0055
0033
004a
0041
004e
0054
004f
004e
006d
006a
0065
008a
0094
007e
0070
00a8
0223
015c
0228
02fc
0000
0000
0095
00d8
00ff
0118
011e
0142
0147
019d
016f
00b9
00a0
00d3
0106
00da
013b
02a8
0000
0000
00d5
0114
0159
016b
0168
0183
019f
0193
0193
01b9
01cb
01cc
01e0
01e6
01f3
01b4
0203
01d2
0000
00c3
0000
0000
01b2
01fd
0215
0276
0297
0292
02da
0327
01fd
00ce
015f
0290
02c5
028b
0291
0287
0000
00db
0000
000b
0000
0000
0000
0000
0000
0000
0000
0000
0000
0000
0000
0000
0000
0000
0000
0000
0000
0289
0000
0112
0000
0000
0000
0000
0000
0000
0000
0000
0000
0000
0000
0000
0000
0000
0000
0000
0000
0000
0074
0036
003a
002f
0040
003c
0043
0037
0043
0048
004d
004f
004d
0066
0049
004d
0090
009b
0000
0000
0000
0018
000d
0044
0058
0053
0052
0068
008a
00bf
00e4
00b3
0068
0060
008a
006c
0083
0126
0021
0088
0000
0098
00a8
00c0
00a7
00cc
00e3
00d1
00ed
00fd
00e7
0124
016a
0145
018b
020a
03c6
0327
0000
027d
0180
019d
0213
01d1
01f9
0251
0279
0274
0290
0454
051b
0427
02b5
0259
0281
02cb
0357
0538
03cc
0105
008b
004c
002d
0010
0023
0022
0005
001c
0042
0030
0026
002e
0000
0000
0000
0000
0000
0000
0000
0000
0000
00ca
00b6
00c0
0106
00c1
009c
0110
0109
0000
0000
0000
0000
0000
0000
0000
0000
0000
0000
0025
00f9
00a7
0082
007d
008d
008c
0090
008f
0095
009c
0092
00a4
00bd
00ca
00c4
00bc
0044
00f5
0227
029c
0392
0272
00bf
00a6
00ba
00c1
00aa
00b2
00ef
0148
0219
02aa
0209
0115
00ff
012a
0114
013c
0243
008f
004d
00a7
0082
008d
008c
0086
009f
0093
0089
0097
0099
008e
00b9
00be
00a7
0087
0137
019d
0000
01db
0000
0000
007f
0046
004e
0069
0063
005e
0059
006a
004d
0070
00eb
00e9
00dc
00c0
0109
0179
0123
0000
0000
0000
0000
0000
0000
0000
0000
0000
0000
0000
0000
0000
0000
0000
0000
0000
00a6
0321
0000
0000
036e
0000
0000
0000
0000
0000
0000
0000
0000
0000
00c4
0032
0000
0000
0000
0000
0000
0154
028c
0000
0005
0000
0000
0000
0000
0000
0000
0000
0000
0000
0000
0000
0000
0000
0000
0000
0000
0318
01c6
0030
0000
0061
0000
0000
0000
0000
0000
0000
0000
0000
0000
0000
0000
0000
0000
0000
0000
0000
035a
0000
0000
0000
0000
0000
0000
0000
0000
0000
0000
0000
0000
0000
0000
0000
0000
0000
0000
010c
00ee
0000
009f
0000
0000
0000
0000
0000
0000
0000
0000
0000
0000
0000
0000
0000
0000
0000
0000
0000
0245
0000
000b
0070
005f
007e
0067
006a
0094
0073
007a
0097
0085
0092
00b9
0099
00b5
012b
020e
02dd
0000
00f1
0000
0000
008f
0086
0092
00ba
00dd
00c3
00d0
014d
0122
0058
0091
00e6
0100
0102
01cc
02cf
01aa
0000
0000
0000
0000
0000
0000
0000
0000
0000
0000
0002
0000
0000
0000
0000
0000
001c
0000
0000
02ab
0398
008e
001e
0025
003c
0051
005f
0050
005f
0073
0018
0000
0000
0000
0002
0000
0000
0000
0000
0000
