1.046875
0.609375
0.281250
0.703125
0.578125
0.515625
0.812500
0.625000
0.625000
0.781250
0.625000
0.578125
0.812500
0.703125
0.703125
0.765625
0.750000
0.578125
0.765625
0.828125
0.703125
0.859375
0.796875
0.734375
0.828125
0.828125
0.734375
1.015625
0.734375
0.671875
1.046875
0.812500
0.734375
0.828125
0.781250
1.156250
0.843750
0.000000
0.000000
0.156250
1.453125
2.781250
0.000000
0.000000
0.828125
0.843750
0.921875
1.140625
1.000000
0.875000
1.078125
1.187500
1.187500
1.031250
1.296875
1.265625
1.093750
1.421875
1.437500
1.093750
1.531250
1.875000
1.421875
1.296875
1.031250
0.656250
0.984375
1.015625
1.265625
1.406250
1.218750
1.125000
1.453125
1.093750
0.890625
1.156250
1.218750
1.812500
1.296875
0.000000
1.234375
2.250000
0.921875
0.656250
0.625000
0.734375
1.078125
0.812500
0.921875
1.031250
0.890625
1.062500
1.140625
1.015625
1.031250
1.046875
1.000000
0.984375
1.218750
1.187500
1.156250
1.218750
1.031250
1.093750
1.250000
1.093750
1.218750
1.234375
0.921875
1.062500
1.234375
1.062500
1.125000
1.234375
1.156250
1.843750
1.265625
0.000000
1.906250
4.156250
6.906250
6.078125
4.343750
3.171875
1.640625
1.578125
1.781250
1.968750
2.046875
1.937500
2.203125
2.390625
2.109375
2.015625
2.359375
2.218750
2.359375
2.812500
2.531250
2.375000
2.875000
2.750000
2.515625
2.359375
2.156250
1.984375
2.046875
1.796875
1.843750
1.828125
1.578125
1.765625
1.953125
1.578125
1.640625
1.796875
1.578125
2.703125
1.421875
0.000000
0.312500
0.000000
0.000000
0.000000
0.000000
0.000000
0.000000
0.000000
0.000000
0.000000
0.000000
0.000000
0.000000
0.000000
0.000000
0.000000
0.000000
0.000000
0.000000
0.000000
0.000000
0.000000
0.000000
0.000000
0.000000
0.000000
0.000000
0.000000
0.000000
0.000000
0.000000
0.000000
0.000000
0.000000
0.000000
0.000000
0.000000
0.000000
0.796875
5.015625
5.062500
5.734375
0.000000
0.000000
0.000000
0.000000
0.000000
0.000000
0.000000
0.000000
0.000000
0.000000
0.000000
0.000000
0.000000
0.000000
0.000000
0.000000
0.000000
0.000000
0.000000
0.000000
0.000000
0.000000
0.000000
0.000000
0.000000
0.000000
0.000000
0.000000
0.000000
0.000000
0.000000
0.000000
0.000000
0.000000
0.000000
0.000000
0.000000
0.000000
1.625000
0.000000
0.000000
0.000000
0.000000
0.000000
0.000000
0.000000
0.000000
0.000000
0.000000
0.000000
0.000000
0.000000
0.000000
0.000000
0.000000
0.000000
0.000000
0.000000
0.000000
0.000000
0.000000
0.000000
0.000000
0.000000
0.000000
0.000000
0.000000
0.000000
0.000000
0.000000
0.000000
0.000000
0.000000
0.000000
0.000000
0.000000
0.000000
2.328125
4.281250
4.093750
0.000000
0.000000
0.000000
0.000000
0.000000
0.000000
0.000000
0.000000
0.000000
0.000000
0.000000
0.000000
0.000000
0.000000
0.000000
0.000000
0.000000
0.000000
0.000000
0.000000
0.000000
0.000000
0.000000
0.000000
0.000000
0.000000
0.000000
0.000000
0.000000
0.000000
0.000000
0.000000
0.000000
0.000000
0.000000
0.000000
0.000000
0.000000
