02e5
0323
034b
037b
0352
033b
033e
0358
037b
038d
038f
03af
03fc
0479
050f
05c4
0797
07db
07ec
0870
0805
0806
07ea
080e
07cd
07cb
07fd
081f
0815
080a
07c6
0786
0716
06d0
0692
0469
0387
03a9
03c7
039f
0176
0149
0126
0105
0114
0134
0138
0150
0149
0134
0151
01bc
01e1
01f8
02f1
040c
0328
02ae
0192
0141
00e3
007a
016c
018b
0281
02f1
02c1
023e
020d
01d3
0191
0144
011b
0147
01a6
0297
01ea
0030
0000
0000
0000
0000
0000
0000
0000
0000
0000
0000
0000
0000
0000
0000
0000
0000
0000
0000
0000
0000
0000
0000
0000
0000
0000
0000
0000
0000
0000
0000
0000
0000
0000
0000
0000
0000
0000
0000
0000
0000
0000
0000
0000
0000
008d
00ac
006e
0005
0000
0000
0000
0000
0000
0000
0000
0000
0000
0000
0000
0000
0000
0098
016a
01ec
011e
0110
0094
0010
0000
0000
0000
0064
00b1
00f9
0127
00ed
004d
0000
0000
001d
0312
04c4
0000
0000
00e6
00ed
00e5
0095
007c
0085
0090
00a7
00c1
00b4
0089
0064
0000
0000
0000
0000
0000
0000
017f
01e6
019d
0200
0192
01b5
0112
015c
01b8
024b
02ce
030a
02ff
02fd
0266
01b7
01c5
025f
01ae
0279
0000
0000
0000
0000
0000
0000
0000
0000
0000
0000
0000
0000
0000
0000
0000
0000
0000
0000
0000
0000
0000
0000
0000
0000
0000
0000
0000
0000
0000
0000
0000
0000
0000
0000
0000
0000
0000
0000
0000
0000
0000
0000
0000
0000
0000
0000
0000
0000
0000
0000
0000
0000
0000
0000
0000
0000
0000
0000
0000
0000
0000
0000
0000
0000
0000
0000
0000
0000
0000
0000
0000
0000
0000
0000
0000
0000
0000
0000
0000
0000
01fa
028a
0324
031f
0300
0298
0289
02a0
02bd
02e1
02ef
02ff
033e
033a
0370
03d2
0412
058c
0681
0742
07f3
07b4
07f2
0764
063b
0600
05b8
064d
06c4
0747
0754
0720
072f
06d0
0658
05e4
0698
0702
0772
05c9
0381
0392
03a2
02f4
02bb
032b
0359
0386
0384
03a6
03cf
0444
047f
053b
0644
072b
0848
08b1
09c8
09af
07ba
06a2
0677
05f6
0607
06d8
0776
0773
073d
06bf
0665
0610
066a
06a2
05ed
0451
0446
05c1
03ef
0209
0000
0000
0000
0000
0000
0000
0000
0000
0000
0000
0000
0000
0000
0000
0000
0000
0000
0000
0000
0000
0000
0000
0000
0000
0000
0000
0000
0000
0000
0000
0000
0000
0000
0000
0000
0000
0000
0000
0000
0000
025d
0000
0000
0000
0000
0000
0000
0000
0000
0000
0000
0000
0000
0000
0000
0000
0000
0000
0000
0000
0000
0000
0000
0000
0000
0000
0000
0000
0000
0000
0000
0000
0000
0000
0000
0000
0000
0000
0000
0000
03fc
03cb
0416
03d5
0410
0418
0436
0475
0485
04bd
04ef
0525
0540
0600
06f8
0795
08a8
0a28
0b6d
0b12
0a79
09c4
09d9
0951
08ff
0947
09d4
0a5c
0abd
0a95
0a5d
0a0f
0a24
09c6
08dd
0789
06d7
0752
06b2
02ae
0000
0000
0000
0000
0000
0000
0000
0000
0000
0000
0000
0000
0000
0000
0000
0000
0000
0000
0000
0000
0000
0000
0000
0000
0000
0000
0000
0000
0000
0000
0000
0000
0000
0000
0000
005b
0214
0377
033e
0524
0000
0000
0000
0000
0000
0000
0000
0000
0000
0000
0000
0000
0000
0000
0000
0000
0000
0000
0000
0000
0000
0000
0000
0000
0000
0000
0000
0000
0000
0000
0000
0000
0000
0000
0000
0000
0000
0000
0000
0000
018c
046b
03a7
030b
02a0
02ba
02eb
0301
0318
0322
0348
0341
0361
033c
0337
04a4
04ef
04c4
085f
0b0c
0a12
08e5
0775
067d
0623
065d
06e7
075e
081a
08da
08e4
0893
0804
07ee
0789
0637
072a
0ac1
0b04
0867
029d
0255
0438
0441
03e5
03f8
0437
0469
0488
04a6
04d5
0579
0627
06ba
07a6
093b
0a25
0a45
0931
082c
087a
0866
08f8
092a
08f6
094c
09b6
097f
0943
08e0
092f
0996
0a2d
0a41
08ef
0709
04f1
041a
033a
0000
009d
02be
00c7
00d0
0168
01d4
01b7
0199
0192
01a8
01fc
0237
0256
028f
035d
0388
02ab
02dd
03e6
0515
0397
02e1
025e
0232
031f
03aa
0354
02ff
02f2
0340
0344
0383
03f5
0390
0228
0162
026f
02a5
02ed
0044
000d
0000
0000
0000
0000
0000
0000
0000
0000
0000
0000
0000
0000
0000
0000
0000
0000
0000
0000
0000
0000
0000
0000
0000
0000
0000
0000
0000
0000
0000
0000
0000
0000
0000
0000
0000
0000
0000
0000
0000
0000
0000
0000
0000
0000
0000
0000
0000
0000
0000
0000
0000
0000
0000
0000
0000
0000
0000
0000
0000
0000
0000
0000
0000
0000
0000
0000
0000
0000
0000
0000
0000
0000
0000
0000
0000
003e
0175
0000
01d4
0040
00ee
0042
0000
0000
0000
0000
0000
0000
0000
0000
0000
0000
0000
0000
0000
0000
0000
0000
0000
0000
0000
0000
0000
0000
0000
0000
0000
0000
0000
0000
0000
0000
0000
0000
0000
0000
0180
01e0
04c8
0000
0000
0000
0000
0000
0000
0000
0000
0000
0000
0000
0000
0000
0000
0000
0000
0000
0000
0000
0000
0000
0000
0000
0000
0000
0000
0000
0000
0000
0000
0000
0000
0000
0000
0000
0000
0000
0000
0000
00bd
0000
0000
0000
0000
0000
0000
0000
0000
0000
0000
0000
0000
0000
0000
0000
0000
0000
0000
0000
0000
0000
0000
0000
0000
0000
0000
0000
0000
0000
0000
0000
0000
0000
0000
0000
0000
0000
0000
0000
0000
037e
04f6
05b3
058b
05f1
05d8
05c7
05cd
05dd
0641
06cb
0754
07cb
08db
09ea
0a0d
0a0f
0a83
0b7e
0c74
0c56
0d25
0d59
0c96
0d2b
0d88
0d21
0cdb
0cf5
0db8
0eb3
0fa6
1062
0ed9
0b6c
085a
0827
094e
0803
03af
0000
0000
00d9
015b
011f
0129
0164
0155
0182
0192
01a9
0153
0171
0144
00e0
0137
00b5
00e0
02c8
038b
045e
069e
06bf
05c2
0408
02f7
02e7
0397
045b
055a
05a1
0616
058c
04ee
0480
046f
06ba
07dc
0611
089d
0107
0132
0104
0000
0000
0013
0000
0000
0000
0000
009d
00e3
00d2
0241
0264
0180
0048
0000
0026
0092
0000
0000
0002
00a5
0039
0000
0000
0000
0000
0000
0000
0000
0000
0000
0000
0000
0000
0000
0000
012e
0232
0415
060e
07b2
085f
0829
0871
08c1
0919
095c
0982
0a01
0aae
0aca
0baa
0e51
0fbd
1151
1348
150b
1633
15a5
152f
1457
14c9
14e3
14da
1599
16ac
1764
17ae
16d6
1669
1617
1572
14e5
1514
1223
0ee8
0c33
0000
0000
0000
0044
0000
0000
0000
0000
0000
0000
0000
0000
0000
0000
0000
0000
0000
0000
0000
008a
0061
004b
0000
0000
0000
0000
0000
0000
000a
0080
0058
002f
0081
023a
0331
0285
03e6
0266
04f9
0ae6
0281
019d
01ed
00a6
015e
01cd
01e8
01bd
01e7
0213
0229
025c
02bc
0329
03f7
03fb
03f7
0325
019e
0344
0380
03b1
053d
0596
058f
058d
04ff
04bf
04c0
0586
0633
0674
0635
05ef
0634
067e
06b7
05fe
0404
03af
0000
0000
0000
0000
0000
0000
0000
0000
0000
0000
0000
0000
0000
00ac
0145
0090
0000
0000
0000
0000
0000
0000
0000
0000
0000
0000
0000
0000
0000
0000
0000
0000
0000
0000
0000
0000
0000
0000
0000
0000
0247
016e
0103
0000
0000
0000
0056
007a
0072
00df
0145
01c3
0287
033f
0417
040e
02c8
00d0
0000
0000
0000
0000
0000
0000
0000
0000
0000
0000
0000
0000
0000
0000
0000
0000
0000
0000
0000
0000
0000
0000
0000
0060
0000
0000
0000
0000
0000
0000
0000
0000
0000
0000
0000
0000
0000
0000
008b
0000
0000
0000
0000
0000
0000
0000
0000
0000
0000
0000
0000
0000
0000
0000
0000
0000
003e
0000
0000
0000
0000
0000
0000
0000
0000
0000
0000
0000
0000
0000
0000
0000
0000
0000
0000
0000
0000
0000
0000
0000
0000
0000
0000
0000
0000
0000
0000
0000
0000
0000
0000
0000
0000
0000
0000
0000
0000
0000
004c
00dd
0202
0246
