0000
0000
0000
0000
0000
0000
0000
0000
0000
0000
0000
0000
0000
0000
0000
0000
0000
0000
0000
0000
0000
0000
0000
0000
0000
0000
0000
0000
0000
0000
0000
0000
0000
0000
0000
0000
0000
0000
0000
0000
01e0
01bb
0162
0185
0199
01a6
01b7
01c9
01d8
01e7
01f2
0200
01ff
020a
0234
028f
0249
0312
0477
0494
04fd
0410
0370
0357
0388
03bf
03f2
041c
047d
047e
0472
040f
03b3
0355
0316
032d
0396
032c
029c
0041
017a
01b6
01c6
01c1
01d3
01e6
01f3
020b
022c
023a
0249
0263
028e
0293
027f
02ac
039b
03ac
03cb
0599
055b
04c0
0423
03ed
0414
046e
049e
04e3
053f
05b4
05f7
05d8
0570
04de
0467
0410
0429
0537
0513
01ed
0000
0000
0000
0000
0000
0000
0000
0000
0000
0000
0000
0000
0000
0000
0000
0000
0000
0000
0000
0000
0000
0000
0000
0000
0000
0000
0000
0000
0000
0000
0000
0000
0000
0000
0000
0000
0000
0000
0000
0000
0000
0000
0000
0000
0000
0000
0000
0000
0000
0000
0000
0000
0000
0000
0000
0000
0000
0000
0000
0000
0000
0000
0000
0000
0000
0000
0000
0000
0000
0000
0000
0000
0000
0000
0000
0000
0000
0000
0000
0000
012a
00c3
0056
0084
008b
0099
00a8
00a5
0097
00a5
00b9
00a7
008f
009c
00f0
0122
00f1
01b1
0150
0178
02a9
0250
0144
0110
0146
0130
0151
016d
016b
015c
0150
0108
007f
007b
00c0
013c
0147
0135
0000
00bf
0000
0000
0000
0000
0000
0000
0000
0000
0000
0000
0000
0000
0000
0000
0000
0000
0000
0000
0000
0000
0000
0000
0000
0000
0000
0000
0000
0000
0000
0000
0000
0000
0000
0000
0000
0000
0000
0000
0000
0000
0000
0000
0000
0000
0000
0000
0000
0000
0000
0000
0000
0000
0000
0000
0000
0000
0000
0000
0000
0000
0000
0000
0000
0000
0000
0000
0000
0000
0000
0000
0000
0000
0000
0000
0000
0000
0000
0000
0000
0000
0119
01f8
01be
01a5
01be
01d8
01e4
01fb
0221
0220
022c
0252
026b
0261
0259
02a7
034f
032b
037d
053c
04b5
04de
03d4
039b
03f3
0429
045a
049f
04f4
0565
0579
0557
04f4
047d
03fd
03b4
0418
04b4
03de
03c2
0000
0000
0000
0000
0000
0000
0000
0000
0000
0000
0000
0000
0000
0000
0000
0000
0000
0000
0000
0000
0000
0000
0000
0000
0000
0000
0000
0000
0000
0000
0000
0000
0000
0000
0000
0000
0000
0000
0000
01d0
0000
0000
0000
0000
0000
0000
0000
0000
0000
0000
0000
0000
0000
0000
0000
0000
0000
0000
0000
0000
0000
0000
0000
0000
0000
0000
0000
0000
0000
0000
0000
0000
0000
0000
0000
0000
0000
0000
0000
0000
023f
0207
01d9
0217
0229
023c
0256
027b
027c
0288
02b7
02c8
02af
02a9
030f
03b7
03bf
03d6
064f
0757
0487
049b
045d
04ce
0510
0521
0581
05e1
0639
0663
0610
058e
04f0
0485
0456
0498
0513
04e0
01ac
0000
00ed
00f5
0123
012c
013b
014a
0150
0163
0174
0178
0184
0190
019c
019e
01a0
01ce
024a
022d
01b1
0420
03a4
0322
0265
0291
02a2
02be
02e5
0310
0335
0382
038a
036f
034b
02ec
02b0
029c
02bc
0335
0263
015c
0000
0000
0000
0000
0000
0000
0000
0000
0000
0000
0000
0000
0000
0000
0000
0000
0000
0000
0000
0000
0000
0000
0000
0000
0000
0000
0000
0000
0000
0000
0000
0000
0000
0000
0000
0000
0000
0000
0000
0000
005f
0121
00b8
00a4
00a8
00b3
00c1
00bc
00cf
00dd
00d8
00e1
00f9
0101
00e8
00be
012d
018a
0028
011b
03b9
0319
0226
014d
0174
018a
0198
01b2
01c9
01ff
0254
0272
023c
0226
01d3
018e
0151
01d8
02f2
01c3
00aa
0108
0119
00f8
0100
0112
0118
0124
0134
013f
0147
0155
015a
0160
017d
0156
0182
01ce
02aa
02c2
020b
0332
02a3
0239
023d
0260
028d
02b0
02c7
0315
0323
034c
030d
02ad
0274
0255
021f
0254
0306
008d
0104
018e
01b7
01b3
01bf
01d5
01f1
020c
0217
0231
024c
0259
0267
0284
02a5
02cb
0315
0361
0467
03f7
024d
043c
044f
040c
03fb
044e
04ad
04e8
0531
0590
05b5
05f2
05a3
0526
04b5
044a
045e
0493
03b2
0271
000c
0034
0001
0000
0000
0000
0000
0000
0000
0000
0000
0000
0000
0000
0000
0000
0000
0000
0000
0000
00a8
004e
0041
0000
0000
0000
0000
0000
0000
0000
0000
0009
0026
0034
0016
0000
0000
0000
0122
0274
0000
0000
0000
0000
0000
0000
0000
0000
0000
0000
0000
0000
0000
0000
0000
0000
0000
0000
0000
0000
0000
0000
0000
0000
0000
0000
0000
0000
0000
0000
0000
0000
0000
0000
0000
0000
0000
0000
0000
0000
0000
0000
0000
0000
0000
0000
0000
0000
0000
0000
0000
0000
0000
0000
0000
0000
0000
0000
0000
0000
0000
0000
0000
0000
0000
0000
0000
0000
0000
0000
0000
0000
0000
0000
0000
0000
0000
0000
0000
0000
00cf
01d8
023f
020f
0222
0239
0247
026c
0290
029d
02ad
02de
030d
030b
02d3
0315
0460
03eb
0471
063c
049d
0520
04f8
04b6
04be
0519
055a
05b0
0610
06c0
0710
073e
06f9
0639
057b
04c1
04f4
0668
05db
03f6
01d2
0157
00d0
00fb
010d
0116
0127
013a
0130
013b
0153
0166
015b
0158
0159
0200
01f7
01b6
0375
028c
03af
026c
01da
020b
0285
028e
02b4
02d1
0338
032b
0325
02bc
0276
0239
0212
020d
02d6
029b
0124
0000
0000
0000
0000
0000
0000
0000
0000
0000
0000
0000
0000
0000
0000
0000
0000
0000
0000
0000
0000
002a
0000
0000
0000
0000
0000
0000
0000
0000
0000
0000
0000
0000
0000
0000
0000
0000
0000
0000
0000
0083
0000
0000
0000
0000
0000
0000
0000
0000
0000
0000
0000
0000
0000
0000
0000
0000
0000
0000
0000
0000
0000
0000
0000
0000
0000
0000
0000
0000
0000
0000
0000
0000
0000
0000
0000
0000
0000
0000
0000
0000
0000
0000
0000
0000
0000
0000
0000
0000
0000
0000
0000
0000
0000
0000
0000
0000
0000
0000
0000
0000
0000
0000
0000
0000
0000
0000
0000
0000
0000
0000
0000
0000
0000
0000
0000
0000
0000
0000
0000
0000
0000
0000
0000
0000
0000
0000
0000
0000
0000
0000
0000
0000
0000
0000
0000
0000
0000
0000
0000
0000
0000
0000
0000
0000
0000
0000
0000
0000
0000
0000
0000
0000
0000
0000
0000
0000
0000
0000
0000
0000
0000
0000
0000
0000
0000
0000
0000
0000
0000
0000
0000
0000
0000
0000
0000
0000
0025
003c
0000
0024
0000
0000
0000
0000
0000
0000
0000
0000
0000
0000
0000
0000
0000
0029
0000
0000
0000
0052
0043
0000
0000
0000
0000
0000
0000
0000
0000
0000
0000
0000
0000
0000
0000
0000
0000
0000
0000
0000
0000
0000
0000
0000
0000
0000
0000
0000
0000
0000
0000
0000
0000
0000
0000
0000
0000
0000
0000
0000
0000
0000
001c
008c
0042
0047
004f
0052
004e
0059
005d
005d
0068
006b
0066
0066
006c
00ab
0078
0000
0171
0123
0000
0083
00ef
00b3
00c9
00c2
00d5
00e1
010b
0105
00e5
00c0
00df
00e8
00cf
00a9
0110
00b4
0000
01ff
0000
0000
0000
0000
0000
0000
0000
0000
0000
0000
0000
0000
0000
0000
0000
0000
0000
0000
0000
006d
0000
0000
0000
0000
0000
0000
0000
0000
0000
0000
0000
0000
0000
0000
0000
0000
0000
0000
0000
0032
0000
0025
004e
001c
0014
001b
0011
0012
0025
001e
0017
001e
0039
003b
0000
0000
0000
0004
0000
0000
0015
0131
0032
001f
0000
0022
0012
0008
0020
003e
006d
00b2
00fe
00f2
009c
003a
000b
0036
016b
0266
0093
00c7
00b0
00af
00b6
00bd
00c8
00d1
00d9
00dd
00dc
00e5
00ec
00e6
00e4
0115
0162
0123
0142
0276
036d
0286
0193
016d
017d
0189
01a0
01b3
01cb
01f5
01f3
01e5
0197
0156
0157
0157
018a
01dc
015f
00f5
